6.526668548583984375e+00
9.337698817253112793e-01
6.046243011951446533e-02
6.014597415924072266e-01
1.179993987083435059e+00
4.343265593051910400e-01
7.429023981094360352e-01
3.537968397140502930e-01
1.323051691055297852e+00
5.688900128006935120e-02
4.315918684005737305e-01
3.113747239112854004e-01
2.816186845302581787e-01
1.654341936111450195e+00
5.264235734939575195e-01
2.495380491018295288e-01
9.882780313491821289e-01
2.530548572540283203e+00
5.849643349647521973e-01
2.367391139268875122e-01
1.730241999030113220e-02
2.696049213409423828e-01
9.309798479080200195e-01
1.267410039901733398e+00
8.301924467086791992e-01
4.580689072608947754e-01
1.183683797717094421e-02
6.986882537603378296e-02
1.099758386611938477e+00
2.888473868370056152e-01
5.763330459594726562e-01
9.850494265556335449e-01
6.472576260566711426e-01
2.852311134338378906e-01
3.631798923015594482e-01
4.455405473709106445e-01
9.470480680465698242e-01
7.118697166442871094e-01
1.805742383003234863e-01
8.079050779342651367e-01
