7.651566982269287109e+00
1.634513735771179199e-01
4.821723103523254395e-01
2.097964286804199219e-03
2.032471179962158203e+00
1.005280971527099609e+00
8.090346455574035645e-01
3.150111436843872070e-01
5.952641367912292480e-02
9.319058060646057129e-01
7.105424404144287109e-01
5.883709341287612915e-02
1.002134084701538086e+00
3.351436853408813477e-01
3.719918131828308105e-01
6.899447441101074219e-01
2.091606616973876953e+00
2.861237764358520508e+00
1.925885200500488281e+00
1.840511560440063477e+00
7.578132748603820801e-01
1.314841955900192261e-02
1.246542453765869141e+00
7.026365399360656738e-01
7.849549055099487305e-01
4.375784695148468018e-01
1.823566555976867676e-01
5.499157309532165527e-01
7.181303501129150391e-01
9.871068596839904785e-02
1.039391458034515381e-01
2.982617616653442383e-01
4.217473566532135010e-01
5.382381081581115723e-01
1.250548601150512695e+00
5.518010258674621582e-01
1.163993030786514282e-01
6.572778820991516113e-01
5.568573251366615295e-02
3.166790604591369629e-01
