7.175498485565185547e+00
1.160032302141189575e-01
2.618653774261474609e-01
8.780256509780883789e-01
3.211728930473327637e-01
7.897916436195373535e-01
4.676140546798706055e-01
9.073331952095031738e-01
2.003870308399200439e-01
2.923842072486877441e-01
3.306925296783447266e-02
7.789598405361175537e-02
1.013309955596923828e+00
2.108418941497802734e-01
1.428217738866806030e-01
5.363610982894897461e-01
2.182781934738159180e+00
2.367787837982177734e+00
1.482648849487304688e+00
1.975878477096557617e+00
5.958265662193298340e-01
2.829981446266174316e-01
1.318605840206146240e-01
3.363851308822631836e-01
6.805180311203002930e-01
8.594779968261718750e-01
8.332617580890655518e-02
1.463076472282409668e-01
1.095229148864746094e+00
1.045729875564575195e+00
7.747020721435546875e-01
2.922055721282958984e-01
6.502850651741027832e-01
9.968406558036804199e-01
4.959620833396911621e-01
2.996764779090881348e-01
7.635549902915954590e-01
5.702994018793106079e-02
4.748660624027252197e-01
8.794703483581542969e-01
