6.922839164733886719e+00
1.324937582015991211e+00
1.582548022270202637e-01
1.074007034301757812e+00
1.453472971916198730e+00
5.124790072441101074e-01
4.176822900772094727e-01
1.202155500650405884e-01
1.198805332183837891e+00
2.116762399673461914e-01
6.673607230186462402e-02
3.877900540828704834e-01
2.322745025157928467e-01
1.500434279441833496e+00
1.177153348922729492e+00
2.703945338726043701e-01
1.304714441299438477e+00
2.712678432464599609e+00
4.596506059169769287e-01
3.125303089618682861e-01
9.436029195785522461e-02
1.830071955919265747e-02
1.192573666572570801e+00
1.760030031204223633e+00
7.299342155456542969e-01
6.874701976776123047e-01
5.959464982151985168e-02
1.559383422136306763e-02
9.386501908302307129e-01
2.781967818737030029e-02
8.505614995956420898e-01
1.149236559867858887e+00
6.736833453178405762e-01
3.960572481155395508e-01
2.934817671775817871e-01
3.702254295349121094e-01
7.269232869148254395e-01
5.791051983833312988e-01
4.791089892387390137e-01
8.146458864212036133e-01
