6.934712409973144531e+00
1.956196725368499756e-01
1.443987488746643066e+00
9.743679761886596680e-01
6.622553467750549316e-01
1.128228306770324707e+00
7.329207658767700195e-01
3.686888217926025391e-01
1.215175688266754150e-01
1.009818017482757568e-01
2.119597345590591431e-01
5.002105832099914551e-01
3.985898494720458984e-01
2.018474936485290527e-01
7.726936936378479004e-01
8.402098715305328369e-02
1.849821805953979492e+00
3.282699108123779297e+00
1.133741497993469238e+00
1.630479454994201660e+00
3.834706842899322510e-01
6.259467601776123047e-01
2.278827875852584839e-02
1.321372032165527344e+00
6.282906532287597656e-01
1.086779594421386719e+00
8.251129984855651855e-01
6.060270667076110840e-01
1.727271318435668945e+00
8.796239495277404785e-01
5.247582197189331055e-01
3.330184221267700195e-01
3.074229359626770020e-01
5.476545691490173340e-01
5.292228609323501587e-02
7.358573675155639648e-01
4.872073233127593994e-02
1.908852159976959229e-02
5.428469926118850708e-02
1.496432185173034668e+00
