7.771508216857910156e+00
5.306452512741088867e-01
4.661037921905517578e-01
8.299444317817687988e-01
1.262458205223083496e+00
8.519245982170104980e-01
8.137782812118530273e-01
8.974362909793853760e-02
6.550792455673217773e-01
6.295245289802551270e-01
1.428330391645431519e-01
3.398047387599945068e-01
2.019756734371185303e-01
7.253831028938293457e-01
3.560621142387390137e-01
2.503667473793029785e-01
1.651304125785827637e+00
2.652606964111328125e+00
1.097450494766235352e+00
1.286680817604064941e+00
7.275486588478088379e-01
3.811731338500976562e-01
1.210899204015731812e-01
2.122023403644561768e-01
1.475935935974121094e+00
5.679309964179992676e-01
3.635423257946968079e-02
3.127658963203430176e-01
6.860523223876953125e-01
2.819949574768543243e-02
1.350328028202056885e-01
4.537861347198486328e-01
5.552536845207214355e-01
4.957435131072998047e-01
2.710862755775451660e-01
2.137791961431503296e-01
4.140368103981018066e-02
3.615409135818481445e-02
7.983434200286865234e-01
4.233354628086090088e-01
