6.677117824554443359e+00
8.613348603248596191e-01
2.343253791332244873e-01
7.493741512298583984e-01
1.475760817527770996e+00
7.019205689430236816e-01
4.603838324546813965e-01
7.634557783603668213e-02
7.783809900283813477e-01
2.049591988325119019e-01
4.765807092189788818e-02
4.427771866321563721e-01
1.351540982723236084e-01
1.673148632049560547e+00
1.436883091926574707e+00
1.206760928034782410e-01
1.439917087554931641e+00
2.379686832427978516e+00
6.904808878898620605e-01
2.130098193883895874e-01
2.995785325765609741e-02
1.488640010356903076e-01
1.168782830238342285e+00
1.214724540710449219e+00
8.287385702133178711e-01
4.859800934791564941e-01
4.821037054061889648e-01
4.131030142307281494e-01
7.249011993408203125e-01
7.745135575532913208e-03
9.777568578720092773e-01
1.121776700019836426e+00
7.563602924346923828e-01
3.637452721595764160e-01
3.164291679859161377e-01
3.629379868507385254e-01
7.023273110389709473e-01
3.321532905101776123e-01
6.655436158180236816e-01
7.266496419906616211e-01
