6.627187252044677734e+00
1.176792144775390625e+00
9.634391069412231445e-01
1.639992833137512207e+00
1.176248073577880859e+00
4.700470864772796631e-01
4.985619783401489258e-01
6.088616847991943359e-01
1.061688184738159180e+00
5.886382460594177246e-01
7.541266828775405884e-02
2.925958931446075439e-01
1.049912333488464355e+00
1.838998645544052124e-01
8.112033605575561523e-01
8.622357994318008423e-02
1.329029917716979980e+00
2.081604957580566406e+00
1.214429855346679688e+00
1.250630378723144531e+00
1.408318400382995605e+00
4.171409606933593750e-01
2.116376310586929321e-01
7.129233479499816895e-01
1.466366291046142578e+00
1.871138095855712891e+00
3.207309842109680176e-01
2.236079871654510498e-01
2.260291576385498047e-02
5.189545452594757080e-03
4.636415839195251465e-02
2.358446866273880005e-01
3.747841417789459229e-01
2.507855296134948730e-01
4.553677439689636230e-01
5.793072283267974854e-02
2.834237813949584961e-01
3.691627979278564453e-01
5.104196071624755859e-01
7.531448602676391602e-01
