7.581671714782714844e+00
3.894254863262176514e-01
4.045730233192443848e-01
5.321704149246215820e-01
6.629083752632141113e-01
1.535531282424926758e+00
5.002545118331909180e-01
3.601284027099609375e-01
7.136076688766479492e-01
1.553223282098770142e-01
3.693222403526306152e-01
1.629728794097900391e+00
9.019488096237182617e-01
1.101873874664306641e+00
1.597676396369934082e+00
1.931374222040176392e-01
1.274825692176818848e+00
1.388449668884277344e+00
1.669288635253906250e+00
1.338260650634765625e+00
5.316993966698646545e-02
1.025693178176879883e+00
1.324772238731384277e+00
9.203681349754333496e-01
6.167352795600891113e-01
2.833507657051086426e-01
3.605131506919860840e-01
1.423686027526855469e+00
9.765965938568115234e-01
7.212527990341186523e-01
9.352526664733886719e-01
8.288885653018951416e-02
3.069511055946350098e-01
6.254132390022277832e-01
5.730102211236953735e-02
4.168376922607421875e-01
1.468554586172103882e-01
1.250487208366394043e+00
4.631482064723968506e-03
1.162991166114807129e+00
