6.511488914489746094e+00
8.615246415138244629e-02
2.925848960876464844e-01
1.111152052879333496e+00
8.618929386138916016e-01
7.885394692420959473e-01
5.731838941574096680e-01
3.069959878921508789e-01
8.533246517181396484e-01
2.077995538711547852e-01
5.868802070617675781e-01
6.557342410087585449e-01
1.108210906386375427e-01
6.241982430219650269e-02
9.120185375213623047e-01
5.377901196479797363e-01
1.751071453094482422e+00
4.116390705108642578e+00
1.055072546005249023e+00
1.275170326232910156e+00
1.806930899620056152e-01
5.763157010078430176e-01
2.608316540718078613e-01
6.659083962440490723e-01
9.161393642425537109e-01
1.038653850555419922e+00
5.590929388999938965e-01
1.126371324062347412e-03
1.507563352584838867e+00
1.623965799808502197e-02
1.116781830787658691e-01
5.640863180160522461e-01
6.077998131513595581e-02
1.008854150772094727e+00
4.355628192424774170e-01
5.319931730628013611e-02
4.753907918930053711e-01
1.628824621438980103e-01
3.546091020107269287e-01
7.291444540023803711e-01
