6.646570205688476562e+00
2.792210578918457031e-01
4.373640418052673340e-01
1.851708590984344482e-01
1.754461288452148438e+00
5.362943410873413086e-01
8.402147889137268066e-01
1.870883256196975708e-01
1.008388757705688477e+00
7.629026174545288086e-01
5.829800367355346680e-01
8.810832500457763672e-01
4.621334075927734375e-01
7.974436879158020020e-01
7.169765233993530273e-01
3.666950166225433350e-01
2.260766029357910156e+00
3.333120822906494141e+00
4.620141386985778809e-01
1.473149418830871582e+00
3.238444924354553223e-01
4.346206411719322205e-02
2.798556089401245117e-01
5.481905341148376465e-01
1.174125432968139648e+00
8.918116092681884766e-01
1.715037822723388672e-01
2.084963023662567139e-01
1.545507550239562988e+00
2.329504489898681641e-01
7.005704641342163086e-01
4.840154349803924561e-01
3.138088285923004150e-01
5.172478035092353821e-02
2.727761864662170410e-01
1.522702574729919434e-01
2.726649045944213867e-01
1.466250717639923096e-01
1.501450687646865845e-02
6.273816823959350586e-01
