7.337096214294433594e+00
1.427958011627197266e+00
7.779846191406250000e-01
1.426900982856750488e+00
1.043204069137573242e+00
7.128551006317138672e-01
5.540313124656677246e-01
7.319480776786804199e-01
1.121186137199401855e+00
5.320582389831542969e-01
1.539968252182006836e-01
4.946306049823760986e-01
6.336455941200256348e-01
5.532635450363159180e-01
6.990913748741149902e-01
9.971712529659271240e-02
1.695157647132873535e+00
2.495522022247314453e+00
6.778643727302551270e-01
9.955450892448425293e-01
9.894033670425415039e-01
6.933262944221496582e-01
2.947145104408264160e-01
1.386907577514648438e+00
1.236539602279663086e+00
1.526511788368225098e+00
3.617191910743713379e-01
6.796172261238098145e-01
9.200924634933471680e-01
4.142504632472991943e-01
3.720011413097381592e-01
7.544978708028793335e-02
1.413108557462692261e-01
3.114981204271316528e-02
8.418873548507690430e-01
5.188416242599487305e-01
7.271060943603515625e-01
2.729792892932891846e-01
6.217493414878845215e-01
9.036039113998413086e-01
