6.763871192932128906e+00
6.435186266899108887e-01
8.866474032402038574e-01
7.806611657142639160e-01
8.590852022171020508e-01
8.073443174362182617e-01
6.205626726150512695e-01
4.568943083286285400e-01
1.191454678773880005e-01
7.359087467193603516e-02
5.192975401878356934e-01
4.196315705776214600e-01
1.192406192421913147e-01
1.389975845813751221e-01
6.374440193176269531e-01
4.228078722953796387e-01
2.073320150375366211e+00
3.049862384796142578e+00
1.041182398796081543e+00
1.726752161979675293e+00
6.428382545709609985e-02
6.007192134857177734e-01
2.536948919296264648e-01
6.198204159736633301e-01
7.762432098388671875e-01
1.018074393272399902e+00
6.364029645919799805e-01
1.690841615200042725e-01
1.711393833160400391e+00
1.051796317100524902e+00
5.232199430465698242e-01
3.168353140354156494e-01
3.931945860385894775e-01
6.542209982872009277e-01
6.402967572212219238e-01
3.386772274971008301e-01
4.763723909854888916e-02
2.336264401674270630e-01
4.187143146991729736e-01
1.234166026115417480e+00
