6.663393020629882812e+00
8.852919936180114746e-02
4.895192384719848633e-01
1.464166283607482910e+00
3.638769984245300293e-01
2.033272266387939453e+00
8.774799108505249023e-01
5.643541216850280762e-01
2.642220556735992432e-01
2.720867097377777100e-01
2.861648797988891602e-01
7.168431580066680908e-02
9.717854112386703491e-02
3.444305658340454102e-01
7.156374454498291016e-01
3.811112046241760254e-01
1.617100715637207031e+00
3.191207647323608398e+00
1.371415615081787109e+00
1.464705228805541992e+00
4.811744689941406250e-01
9.003513455390930176e-01
7.408352494239807129e-01
8.732475042343139648e-01
1.245608448982238770e+00
5.284330993890762329e-02
6.019225344061851501e-02
1.012799367308616638e-01
1.204652786254882812e+00
4.346314966678619385e-01
5.982412099838256836e-01
1.369400769472122192e-01
4.685371816158294678e-01
5.926048755645751953e-01
1.104912877082824707e+00
4.706525802612304688e-01
8.317841291427612305e-01
4.950076937675476074e-01
8.711438179016113281e-01
7.300338745117187500e-01
