7.322245121002197266e+00
5.722340345382690430e-01
1.282873302698135376e-01
9.604063630104064941e-01
1.044063448905944824e+00
5.389406085014343262e-01
5.653241276741027832e-01
1.142342574894428253e-02
8.110143542289733887e-01
3.464798629283905029e-01
3.137956261634826660e-01
3.992502093315124512e-01
7.265055775642395020e-01
3.192304372787475586e-01
5.601430535316467285e-01
2.883351743221282959e-01
1.214558243751525879e+00
2.760333299636840820e+00
8.233691453933715820e-01
1.093852639198303223e+00
5.377722382545471191e-01
5.359036326408386230e-01
3.471936285495758057e-02
6.128949522972106934e-01
8.697246313095092773e-01
7.519608139991760254e-01
1.785603314638137817e-01
3.391007333993911743e-02
1.072667360305786133e+00
2.436560392379760742e-01
1.697385460138320923e-01
3.160021305084228516e-01
2.685575485229492188e-01
7.108026146888732910e-01
2.236074209213256836e-01
6.284700334072113037e-02
4.154122471809387207e-01
1.639842838048934937e-01
3.792065680027008057e-01
6.859565973281860352e-01
