7.013792037963867188e+00
1.129835546016693115e-01
8.153515458106994629e-01
3.644234240055084229e-01
1.544278860092163086e+00
1.228328824043273926e+00
8.258149623870849609e-01
6.473936438560485840e-01
5.084317922592163086e-01
4.313012063503265381e-01
4.923164248466491699e-01
1.050800830125808716e-01
1.062431216239929199e+00
1.259512454271316528e-02
1.188644528388977051e+00
1.960034668445587158e-01
1.726497888565063477e+00
2.987953901290893555e+00
1.646478056907653809e+00
1.532670736312866211e+00
1.014981269836425781e-01
1.055428385734558105e+00
1.298196196556091309e+00
1.203709617257118225e-01
3.780671060085296631e-01
5.904933810234069824e-01
8.381427824497222900e-02
9.048800915479660034e-02
1.411445140838623047e+00
3.330909013748168945e-01
6.906535625457763672e-01
4.984954893589019775e-01
1.974068582057952881e-01
4.415998458862304688e-01
8.761460334062576294e-02
2.369802445173263550e-01
5.541391670703887939e-02
2.862629294395446777e-01
4.546355605125427246e-01
4.592687189579010010e-01
