7.660619735717773438e+00
4.711981117725372314e-02
5.329624414443969727e-01
1.068459227681159973e-01
1.715730428695678711e+00
7.283646464347839355e-01
1.132720470428466797e+00
8.602061867713928223e-02
8.570785522460937500e-01
6.717525124549865723e-01
9.203308820724487305e-01
2.655710652470588684e-02
2.837838530540466309e-01
7.425891160964965820e-01
2.104274183511734009e-01
2.201573848724365234e-01
2.049150228500366211e+00
2.646874189376831055e+00
9.721287488937377930e-01
1.816412687301635742e+00
6.166949272155761719e-01
7.289683818817138672e-02
8.577208966016769409e-02
4.419685602188110352e-01
1.298352122306823730e+00
1.515947729349136353e-01
1.739117652177810669e-01
1.502373516559600830e-01
8.938099741935729980e-01
1.540865600109100342e-01
5.609507858753204346e-02
2.244153618812561035e-01
5.697441697120666504e-01
1.239305853843688965e+00
7.653301358222961426e-01
4.097424149513244629e-01
1.505888402462005615e-01
4.547508060932159424e-02
3.191569149494171143e-01
8.455977439880371094e-01
