6.622082710266113281e+00
3.776216506958007812e-01
1.101889252662658691e+00
7.282356619834899902e-01
5.170246362686157227e-01
9.532213807106018066e-01
2.997347116470336914e-01
6.656292676925659180e-01
1.099347621202468872e-01
1.103600561618804932e-01
8.331839740276336670e-02
2.209553569555282593e-01
6.019138097763061523e-01
2.563673257827758789e-01
8.352159857749938965e-01
5.697475001215934753e-02
2.151045083999633789e+00
2.820028305053710938e+00
1.431200861930847168e+00
1.766708374023437500e+00
1.160679608583450317e-01
3.530051708221435547e-01
3.817923665046691895e-01
4.889351725578308105e-01
7.444067001342773438e-01
7.787163257598876953e-01
4.452492594718933105e-01
1.803214848041534424e-01
1.596385955810546875e+00
1.193405151367187500e+00
6.521245241165161133e-01
4.976148605346679688e-01
3.280980288982391357e-01
4.997853040695190430e-01
5.865711569786071777e-01
7.695220112800598145e-01
1.848030239343643188e-01
4.069102406501770020e-01
4.261184036731719971e-01
1.088687777519226074e+00
