7.184672355651855469e+00
6.130350828170776367e-01
8.071708083152770996e-01
7.543970942497253418e-01
1.488724470138549805e+00
6.303062438964843750e-01
5.247269868850708008e-01
4.146681725978851318e-02
7.016193866729736328e-01
3.322805762290954590e-01
5.634465217590332031e-01
6.395196914672851562e-01
1.009823754429817200e-01
6.001266241073608398e-01
7.811955809593200684e-01
1.502969674766063690e-02
1.325819611549377441e+00
3.309062242507934570e+00
6.759764552116394043e-01
1.229118585586547852e+00
7.780745625495910645e-01
5.476421117782592773e-01
3.836591243743896484e-01
1.092342615127563477e+00
1.123309254646301270e+00
8.702505230903625488e-01
5.880699157714843750e-01
4.816576540470123291e-01
1.384415984153747559e+00
2.739442586898803711e-01
2.167257964611053467e-01
2.396533489227294922e-01
3.351261317729949951e-01
6.712530851364135742e-01
4.962267279624938965e-01
4.098271727561950684e-01
6.238397359848022461e-01
4.313517212867736816e-01
2.020859122276306152e-01
1.058906197547912598e+00
