6.114457607269287109e+00
4.608079195022583008e-01
2.031949013471603394e-01
6.544292718172073364e-02
1.177165865898132324e+00
1.862427890300750732e-01
7.201772928237915039e-01
6.444579456001520157e-03
6.132827997207641602e-01
8.062682151794433594e-01
7.339177131652832031e-01
3.760360777378082275e-01
6.178014874458312988e-01
5.035723447799682617e-01
1.816060692071914673e-01
2.264685332775115967e-01
1.664717316627502441e+00
3.047353982925415039e+00
1.756012797355651855e+00
1.526361823081970215e+00
8.465186953544616699e-01
6.236106529831886292e-02
2.967912554740905762e-01
3.963625431060791016e-01
9.220007658004760742e-01
8.706346154212951660e-01
3.238683342933654785e-01
3.519434034824371338e-01
7.428749203681945801e-01
8.573398590087890625e-01
4.377919733524322510e-01
4.067522585391998291e-01
3.340170383453369141e-01
3.903557658195495605e-01
6.810884475708007812e-01
1.482176780700683594e-01
7.755727767944335938e-01
2.220737487077713013e-01
3.048580288887023926e-01
3.609835803508758545e-01
