6.887075901031494141e+00
4.266523718833923340e-01
1.238958477973937988e+00
6.163821220397949219e-01
7.836577892303466797e-01
1.295746445655822754e+00
5.857925415039062500e-01
7.285529971122741699e-01
2.177395224571228027e-01
7.945562899112701416e-02
1.804803311824798584e-02
5.351532101631164551e-01
5.549014806747436523e-01
6.895864009857177734e-01
1.535054802894592285e+00
2.152351140975952148e-01
2.121549367904663086e+00
3.097262382507324219e+00
1.205153584480285645e+00
1.623739600181579590e+00
2.744344621896743774e-02
3.828348815441131592e-01
5.938263535499572754e-01
2.451022565364837646e-01
7.638497352600097656e-01
1.125300288200378418e+00
1.066671758890151978e-01
1.868276894092559814e-01
1.353242039680480957e+00
7.432628422975540161e-03
7.391568422317504883e-01
1.294462442398071289e+00
4.502096474170684814e-01
4.699295759201049805e-02
1.562162190675735474e-01
2.329521030187606812e-01
5.255473256111145020e-01
6.756154894828796387e-01
3.355353772640228271e-01
6.852753162384033203e-01
