6.929050922393798828e+00
1.290668249130249023e+00
1.353552043437957764e-01
1.122513413429260254e+00
1.447625517845153809e+00
5.652575492858886719e-01
4.052923917770385742e-01
7.779562473297119141e-02
1.199331045150756836e+00
1.795073747634887695e-01
4.567821323871612549e-02
4.139996469020843506e-01
1.559733748435974121e-01
1.510554552078247070e+00
1.242558598518371582e+00
2.877404391765594482e-01
1.335565924644470215e+00
2.675743818283081055e+00
5.468316078186035156e-01
2.861731052398681641e-01
7.001911848783493042e-02
1.694764196872711182e-02
1.235332489013671875e+00
1.736993908882141113e+00
7.470048666000366211e-01
6.727007031440734863e-01
4.174162074923515320e-02
9.274855256080627441e-04
9.290679097175598145e-01
2.853704988956451416e-02
8.349227905273437500e-01
1.139244318008422852e+00
6.733511686325073242e-01
4.076248407363891602e-01
2.937862873077392578e-01
3.436844944953918457e-01
7.474334836006164551e-01
6.228806376457214355e-01
4.552822411060333252e-01
8.074355125427246094e-01
