7.273217678070068359e+00
9.264691174030303955e-02
3.243179917335510254e-01
7.264930605888366699e-01
1.171894311904907227e+00
6.374803781509399414e-01
5.918527245521545410e-01
1.393714994192123413e-01
7.890614867210388184e-01
7.000588774681091309e-01
2.019394785165786743e-01
4.209957420825958252e-01
5.469955205917358398e-01
4.741956889629364014e-01
3.953244090080261230e-01
2.184907943010330200e-01
1.458793401718139648e+00
2.546563148498535156e+00
1.302814841270446777e+00
1.479779005050659180e+00
2.440541088581085205e-01
2.915528416633605957e-01
3.902133703231811523e-01
1.921352446079254150e-01
1.288970470428466797e+00
8.090320825576782227e-01
1.606127992272377014e-02
1.255367100238800049e-01
9.501985907554626465e-01
2.274244129657745361e-01
3.628215789794921875e-01
5.170876979827880859e-01
6.161643862724304199e-01
3.326067924499511719e-01
5.176436305046081543e-01
1.803426593542098999e-01
3.385898470878601074e-02
3.177139163017272949e-01
7.700065970420837402e-01
6.970176696777343750e-01
