6.637504100799560547e+00
6.560854911804199219e-01
2.102480888366699219e+00
6.266754269599914551e-01
7.921985983848571777e-01
4.815502762794494629e-01
2.463535070419311523e-01
1.197634339332580566e+00
1.115988254547119141e+00
7.722275257110595703e-01
3.668699860572814941e-01
1.606413602828979492e+00
7.264446467161178589e-02
8.201751112937927246e-01
1.025836825370788574e+00
7.975085377693176270e-01
4.702325165271759033e-02
1.614305496215820312e+00
3.421190083026885986e-01
1.873126626014709473e-01
9.154394268989562988e-01
2.454473078250885010e-02
3.379421681165695190e-02
2.806287407875061035e-01
3.571456074714660645e-01
2.830193340778350830e-01
1.893038034439086914e+00
3.091270625591278076e-01
1.342862606048583984e+00
1.185744330286979675e-01
6.119309663772583008e-01
2.127512395381927490e-01
1.722730994224548340e+00
2.782505750656127930e-01
2.370140552520751953e-01
6.594319343566894531e-01
9.979935884475708008e-01
5.512356162071228027e-01
3.506344556808471680e-01
8.482730388641357422e-01
