7.240109920501708984e+00
4.339787960052490234e-01
5.894113779067993164e-01
2.027476131916046143e-01
1.481784820556640625e+00
7.679583430290222168e-01
5.604190826416015625e-01
2.257515937089920044e-01
1.757680177688598633e-01
1.537159681320190430e-01
4.428992867469787598e-01
8.939184546470642090e-01
2.420415878295898438e-01
7.595110535621643066e-01
1.712557911872863770e+00
2.062245309352874756e-01
1.401941776275634766e+00
3.373539447784423828e+00
3.608470559120178223e-01
6.566854715347290039e-01
9.205716848373413086e-02
1.050424456596374512e+00
1.238546848297119141e+00
4.743304252624511719e-01
4.250538647174835205e-01
9.997419714927673340e-01
2.969081401824951172e-01
4.363472759723663330e-01
2.248291254043579102e+00
5.592011213302612305e-01
3.532147109508514404e-01
3.959722220897674561e-01
3.086505830287933350e-02
7.887046933174133301e-01
7.485945820808410645e-01
4.515008926391601562e-01
1.067248106002807617e+00
3.628808259963989258e-01
2.535236179828643799e-01
7.861860990524291992e-01
