6.079782962799072266e+00
3.074536323547363281e-01
3.457220196723937988e-01
1.121022582054138184e+00
3.166882693767547607e-02
9.790793061256408691e-01
4.026428163051605225e-01
4.725791811943054199e-01
4.451294541358947754e-01
2.188137769699096680e-01
2.845712304115295410e-01
5.487966537475585938e-01
7.883607149124145508e-01
1.878301203250885010e-01
5.184909701347351074e-01
2.324212938547134399e-01
1.813339114189147949e+00
2.731310844421386719e+00
1.448782205581665039e+00
1.655554890632629395e+00
3.474372029304504395e-01
6.130859851837158203e-01
5.539425015449523926e-01
7.808206081390380859e-01
5.683813095092773438e-01
1.038180351257324219e+00
1.059283316135406494e-01
3.517544269561767578e-01
1.513180494308471680e+00
4.965763986110687256e-01
6.171596050262451172e-02
4.295479357242584229e-01
3.947120159864425659e-02
5.173692107200622559e-01
1.133941560983657837e-01
4.876776337623596191e-01
3.638744354248046875e-01
1.366191506385803223e-01
2.460245490074157715e-01
1.064472913742065430e+00
