7.071198463439941406e+00
8.285568952560424805e-01
3.162207603454589844e-01
9.029145836830139160e-01
4.557319283485412598e-01
7.407585382461547852e-01
1.175336241722106934e+00
3.904342651367187500e-01
1.288023442029953003e-01
8.117514848709106445e-01
3.355482220649719238e-01
3.937534689903259277e-01
5.437189936637878418e-01
1.152577877044677734e+00
3.812743425369262695e-01
1.399752795696258545e-01
1.317762374877929688e+00
2.304513216018676758e+00
1.112995743751525879e+00
1.058984398841857910e+00
1.567406207323074341e-02
9.642566442489624023e-01
5.260182619094848633e-01
9.515077471733093262e-01
3.106087446212768555e-03
3.610471487045288086e-01
2.151036635041236877e-02
1.564914584159851074e-01
1.440550804138183594e+00
5.203334689140319824e-01
5.275847911834716797e-01
1.055816769599914551e+00
5.327920317649841309e-01
1.070217609405517578e+00
1.345065236091613770e-01
8.448191881179809570e-01
8.705705404281616211e-04
1.282056927680969238e+00
8.242561817169189453e-01
4.680058062076568604e-01
