6.479678153991699219e+00
1.287321746349334717e-01
3.248786926269531250e-01
7.781834602355957031e-01
1.233406901359558105e+00
6.972185373306274414e-01
3.760753870010375977e-01
3.471636176109313965e-01
9.634399414062500000e-01
1.546923518180847168e-01
6.819224357604980469e-01
8.081139326095581055e-01
2.068002521991729736e-01
1.318577378988265991e-01
1.112851023674011230e+00
4.685625731945037842e-01
1.626343607902526855e+00
4.040541648864746094e+00
8.942039012908935547e-01
1.348966121673583984e+00
2.306292057037353516e-01
5.090386867523193359e-01
2.963580489158630371e-01
5.886517763137817383e-01
7.233556509017944336e-01
1.230850815773010254e+00
5.175566077232360840e-01
3.304955065250396729e-01
1.497687935829162598e+00
1.778641045093536377e-01
5.060547590255737305e-02
5.269831418991088867e-01
8.500418812036514282e-02
4.997217655181884766e-01
2.624485492706298828e-01
2.328866720199584961e-02
8.291204571723937988e-01
3.547452390193939209e-02
5.398720502853393555e-02
6.094938516616821289e-01
