6.748025417327880859e+00
6.820322275161743164e-01
5.624346733093261719e-01
1.330539822578430176e+00
8.721609115600585938e-01
9.277505278587341309e-01
8.627405762672424316e-02
2.290461212396621704e-01
1.321271419525146484e+00
5.747840404510498047e-01
6.082521378993988037e-02
1.355342626571655273e+00
1.171026751399040222e-01
8.170436024665832520e-01
1.607970595359802246e+00
5.100791454315185547e-01
8.321716785430908203e-01
2.953203916549682617e+00
5.108370259404182434e-02
6.943746805191040039e-01
7.625612616539001465e-01
9.039640426635742188e-01
4.054967164993286133e-01
6.190836429595947266e-01
8.727265596389770508e-01
1.203736782073974609e+00
3.938889503479003906e-01
5.954405069351196289e-01
1.560840725898742676e+00
5.378984212875366211e-01
2.662545740604400635e-01
2.579500377178192139e-01
5.453967452049255371e-01
1.340228617191314697e-01
1.130422115325927734e+00
1.227060705423355103e-01
1.404420971870422363e+00
2.012102752923965454e-01
6.675366312265396118e-02
8.160055875778198242e-01
