6.893845081329345703e+00
1.271971344947814941e+00
1.264261007308959961e-01
1.174571156501770020e+00
1.516463756561279297e+00
5.819811224937438965e-01
4.689953327178955078e-01
2.651031613349914551e-01
1.169012069702148438e+00
3.257549107074737549e-01
8.901646733283996582e-02
5.104227066040039062e-01
2.301997542381286621e-01
1.579592347145080566e+00
1.170193314552307129e+00
1.968524754047393799e-01
1.449663400650024414e+00
2.861025094985961914e+00
5.604394078254699707e-01
2.175096273422241211e-01
4.764445871114730835e-02
7.199741899967193604e-02
1.184533119201660156e+00
1.666118025779724121e+00
7.237739562988281250e-01
7.015314102172851562e-01
1.403683274984359741e-01
1.289319992065429688e-01
9.924302101135253906e-01
1.511053442955017090e-01
6.576142311096191406e-01
1.113549828529357910e+00
6.464766860008239746e-01
4.488656520843505859e-01
3.925523757934570312e-01
3.015753626823425293e-01
9.026613831520080566e-01
8.096897602081298828e-01
3.987266421318054199e-01
5.730454921722412109e-01
