6.438561439514160156e+00
6.723566651344299316e-01
2.155129909515380859e+00
3.413706421852111816e-01
6.564411520957946777e-01
6.885212659835815430e-01
1.181764826178550720e-01
1.311287045478820801e+00
9.428666830062866211e-01
3.954750597476959229e-01
4.005466699600219727e-01
1.395104169845581055e+00
1.236355677247047424e-02
7.246780991554260254e-01
8.645461797714233398e-01
6.382350325584411621e-01
1.144898980855941772e-01
1.446563720703125000e+00
1.922856569290161133e-01
4.284312725067138672e-01
8.080406785011291504e-01
1.135675311088562012e-01
2.719274759292602539e-01
7.469137758016586304e-02
5.420559644699096680e-01
2.073457241058349609e-01
1.257936954498291016e+00
1.552569121122360229e-02
1.236377716064453125e+00
3.726198375225067139e-01
6.241526603698730469e-01
2.058783471584320068e-01
1.674276947975158691e+00
4.831765890121459961e-01
3.292439281940460205e-01
9.713855385780334473e-01
8.909871578216552734e-01
1.175238937139511108e-01
1.612272560596466064e-01
9.688897132873535156e-01
