7.697068214416503906e+00
5.676462054252624512e-01
4.447280168533325195e-01
1.059872865676879883e+00
1.499406218528747559e+00
8.236941099166870117e-01
8.792220950126647949e-01
2.787407934665679932e-01
8.776487112045288086e-01
6.527684926986694336e-01
1.965543180704116821e-01
1.629506051540374756e-02
4.554376602172851562e-01
3.531444966793060303e-01
3.712652325630187988e-01
1.164578720927238464e-01
1.462667703628540039e+00
2.484112501144409180e+00
1.255897879600524902e+00
1.326285600662231445e+00
6.098276972770690918e-01
4.156666696071624756e-01
2.572110295295715332e-01
7.508334517478942871e-02
1.430501461029052734e+00
7.690448164939880371e-01
4.753019660711288452e-03
1.940619051456451416e-01
6.088860034942626953e-01
2.707210369408130646e-02
6.258720159530639648e-02
1.647112518548965454e-01
5.799853429198265076e-02
5.759108066558837891e-01
3.639205694198608398e-01
2.076613605022430420e-01
3.175690174102783203e-01
8.028961718082427979e-02
1.017771244049072266e+00
3.860347867012023926e-01
