6.357497692108154297e+00
9.728881716728210449e-02
2.802426218986511230e-01
1.280696392059326172e+00
1.459106802940368652e+00
9.249204397201538086e-01
4.469501972198486328e-01
1.522020846605300903e-01
8.425486683845520020e-01
1.836523711681365967e-01
2.658635377883911133e-01
7.400551438331604004e-01
3.917561173439025879e-01
3.539783954620361328e-01
7.151601314544677734e-01
7.767921090126037598e-01
1.868692159652709961e+00
3.443921804428100586e+00
7.832716107368469238e-01
1.362121701240539551e+00
6.802027821540832520e-01
7.705284357070922852e-01
3.855213522911071777e-01
7.770414352416992188e-01
9.497374296188354492e-01
8.385398983955383301e-01
1.108197718858718872e-01
1.594858765602111816e-01
1.527967453002929688e+00
2.233031988143920898e-01
4.697596132755279541e-01
2.723093330860137939e-01
1.104860156774520874e-01
4.370260238647460938e-01
3.361801207065582275e-01
2.063831537961959839e-01
3.804705739021301270e-01
2.022646069526672363e-01
6.284654736518859863e-01
1.904050409793853760e-01
