6.801947116851806641e+00
1.262491822242736816e+00
5.173096805810928345e-02
1.312907218933105469e+00
1.618996381759643555e+00
5.883380770683288574e-01
4.835681915283203125e-01
2.342359162867069244e-02
1.105844736099243164e+00
2.855807840824127197e-01
1.103384345769882202e-01
5.732488632202148438e-01
9.749769419431686401e-02
1.573978066444396973e+00
1.125198841094970703e+00
2.324357777833938599e-01
1.347428798675537109e+00
2.798908233642578125e+00
5.515911579132080078e-01
1.831781566143035889e-01
1.333960294723510742e-01
8.277532458305358887e-02
1.120123267173767090e+00
1.755419015884399414e+00
9.097194671630859375e-01
6.380262970924377441e-01
2.536185085773468018e-01
2.211765348911285400e-01
9.670499563217163086e-01
7.637923210859298706e-02
6.809130907058715820e-01
1.132997512817382812e+00
7.369074821472167969e-01
3.979098200798034668e-01
3.096050024032592773e-01
3.846509456634521484e-01
6.518351435661315918e-01
7.901325821876525879e-01
1.545049250125885010e-01
6.144336462020874023e-01
