7.993913650512695312e+00
3.724977672100067139e-01
1.809187233448028564e-01
2.959047257900238037e-01
1.414010643959045410e+00
6.497309207916259766e-01
1.752483099699020386e-01
3.005135990679264069e-02
6.626932621002197266e-01
3.799752593040466309e-01
6.550723910331726074e-01
4.084196090698242188e-01
1.055884957313537598e+00
4.094226658344268799e-01
1.576835513114929199e+00
4.784665536135435104e-03
1.122694611549377441e+00
2.834669589996337891e+00
1.515518546104431152e+00
1.526735186576843262e+00
1.235385179519653320e+00
5.181598663330078125e-01
1.735004037618637085e-02
1.707410514354705811e-01
9.296734333038330078e-01
7.568603157997131348e-01
1.131298989057540894e-01
3.435332775115966797e-01
9.773588776588439941e-01
9.519556760787963867e-01
3.092508614063262939e-01
7.647733390331268311e-02
5.902099609375000000e-01
7.213118672370910645e-01
7.657747864723205566e-01
4.911729693412780762e-01
1.089260220527648926e+00
6.721268892288208008e-01
2.025478482246398926e-01
1.311616301536560059e+00
