7.070342540740966797e+00
1.139477133750915527e+00
1.519076228141784668e-01
1.056713104248046875e+00
1.111456871032714844e+00
1.340953469276428223e+00
9.800834059715270996e-01
5.842425823211669922e-01
5.244600772857666016e-01
3.815231323242187500e-01
5.005328357219696045e-02
6.052010059356689453e-01
1.722855567932128906e-01
6.684899330139160156e-01
1.971476823091506958e-01
1.550910025835037231e-01
1.584336161613464355e+00
2.861620187759399414e+00
3.599432706832885742e-01
7.931359410285949707e-01
5.956915616989135742e-01
6.738471984863281250e-01
6.289917826652526855e-01
1.173429369926452637e+00
1.004004001617431641e+00
1.142100572586059570e+00
3.066454529762268066e-01
5.167636275291442871e-01
1.052521228790283203e+00
1.604958623647689819e-01
4.318106174468994141e-01
1.114944368600845337e-01
2.267144322395324707e-01
1.104449406266212463e-01
7.130925059318542480e-01
8.288969397544860840e-01
1.392615318298339844e+00
6.426296830177307129e-01
6.845487356185913086e-01
7.064863443374633789e-01
