6.269563674926757812e+00
4.088942408561706543e-01
1.954457640647888184e+00
6.225940585136413574e-01
7.720597982406616211e-01
4.554871618747711182e-01
1.717404872179031372e-01
1.240063548088073730e+00
9.428554773330688477e-01
3.479295372962951660e-01
2.526884078979492188e-01
1.431016087532043457e+00
1.773060262203216553e-01
6.874694228172302246e-01
1.047838091850280762e+00
4.016979932785034180e-01
1.187780648469924927e-01
1.488544702529907227e+00
2.850811183452606201e-01
5.257712006568908691e-01
7.677027583122253418e-01
6.133708730340003967e-02
1.928594857454299927e-01
8.836296945810317993e-02
6.665351390838623047e-01
2.704804241657257080e-01
1.225578546524047852e+00
8.574417978525161743e-02
1.088063001632690430e+00
4.169186055660247803e-01
5.174516439437866211e-01
2.433067560195922852e-01
1.698102235794067383e+00
4.385429024696350098e-01
4.940885901451110840e-01
8.539647459983825684e-01
8.307051658630371094e-01
2.131000906229019165e-01
1.568439602851867676e-01
8.611515760421752930e-01
