5.786271095275878906e+00
2.595943212509155273e-01
4.769585430622100830e-01
1.066668748855590820e+00
6.036345362663269043e-01
1.190191626548767090e+00
4.056615829467773438e-01
5.297914147377014160e-02
2.927693426609039307e-01
6.866499781608581543e-01
1.751031875610351562e-01
9.112119674682617188e-03
2.577578723430633545e-01
1.034396886825561523e+00
9.220730066299438477e-01
1.054819524288177490e-01
1.359833002090454102e+00
3.199822902679443359e+00
7.450110316276550293e-01
5.864943861961364746e-01
6.746722012758255005e-02
5.107879638671875000e-02
2.661936879158020020e-01
4.358762800693511963e-01
8.073172569274902344e-01
2.133734524250030518e-01
2.929549515247344971e-01
9.214136004447937012e-01
9.148699045181274414e-01
6.318517923355102539e-01
2.266636937856674194e-01
7.824890613555908203e-01
7.441142797470092773e-01
1.539732515811920166e-02
1.197757497429847717e-01
3.911410570144653320e-01
9.512901306152343750e-01
3.630377650260925293e-01
3.220967203378677368e-02
7.534499168395996094e-01
