7.336319923400878906e+00
5.799113512039184570e-01
3.883213400840759277e-01
5.544291734695434570e-01
7.906610965728759766e-01
5.318056941032409668e-01
8.452228307723999023e-01
3.947378695011138916e-01
4.005008637905120850e-01
8.092113137245178223e-01
2.096404433250427246e-01
5.707224011421203613e-01
1.106931209564208984e+00
1.013313531875610352e+00
4.801049232482910156e-01
2.525424957275390625e-01
1.123579859733581543e+00
1.762032747268676758e+00
1.980261564254760742e+00
1.321899056434631348e+00
5.260323286056518555e-01
9.071815013885498047e-01
2.119354754686355591e-01
1.397552251815795898e+00
7.151130437850952148e-01
6.654538512229919434e-01
5.343154072761535645e-01
1.915104389190673828e-01
2.505651414394378662e-01
4.687272608280181885e-01
6.041539311408996582e-01
8.149272203445434570e-01
8.424316644668579102e-01
4.610329270362854004e-01
8.370976895093917847e-02
4.345709085464477539e-01
8.445074558258056641e-01
6.083069443702697754e-01
6.106815934181213379e-01
5.781146287918090820e-01
