6.540562152862548828e+00
4.843057394027709961e-01
1.854876518249511719e+00
4.909686446189880371e-01
9.125255346298217773e-01
4.904946684837341309e-01
2.320442199707031250e-01
1.433404922485351562e+00
4.279090762138366699e-01
8.438104987144470215e-01
2.466328889131546021e-01
1.766012310981750488e+00
8.170393854379653931e-02
8.206171393394470215e-01
6.168608665466308594e-01
6.027386188507080078e-01
1.541209220886230469e-01
1.657029032707214355e+00
2.157417982816696167e-01
2.242341339588165283e-01
1.025175809860229492e+00
1.021662354469299316e-01
4.895690679550170898e-01
3.897934854030609131e-01
6.653823852539062500e-01
4.366740286350250244e-01
9.582930803298950195e-01
4.874036014080047607e-01
1.325592756271362305e+00
3.223482072353363037e-01
8.220491409301757812e-01
2.514394521713256836e-01
1.926684498786926270e+00
7.659440636634826660e-01
9.158093482255935669e-02
9.756719470024108887e-01
1.165987610816955566e+00
2.717903256416320801e-01
3.083638548851013184e-01
5.058429837226867676e-01
