6.710479259490966797e+00
5.849947929382324219e-01
6.758003234863281250e-01
7.063902616500854492e-01
4.928057193756103516e-01
8.424583673477172852e-01
2.645179331302642822e-01
6.508622169494628906e-01
2.372152805328369141e-01
4.666687250137329102e-01
1.278654485940933228e-01
2.214223593473434448e-01
6.387413144111633301e-01
7.400875687599182129e-01
1.115344762802124023e+00
5.077542662620544434e-01
2.098496437072753906e+00
2.476306915283203125e+00
1.221873283386230469e+00
1.541628479957580566e+00
3.763144314289093018e-01
6.998322606086730957e-01
1.252369731664657593e-01
3.130541741847991943e-01
4.056158661842346191e-01
3.338511884212493896e-01
3.788785040378570557e-01
3.173122704029083252e-01
2.006809711456298828e+00
8.202032446861267090e-01
1.569360494613647461e-01
3.584429323673248291e-01
6.021239161491394043e-01
2.103307694196701050e-01
5.294251441955566406e-01
1.683709919452667236e-01
8.236035704612731934e-03
9.935970306396484375e-01
1.895355880260467529e-01
6.094602346420288086e-01
