7.461993217468261719e+00
6.545680761337280273e-01
4.497755467891693115e-01
1.133971571922302246e+00
1.094342470169067383e+00
6.580414175987243652e-01
6.408103108406066895e-01
2.612578682601451874e-02
7.212063074111938477e-01
4.983344078063964844e-01
4.102821350097656250e-01
4.382281303405761719e-01
4.652261734008789062e-01
3.889050781726837158e-01
4.831629395484924316e-01
4.915185272693634033e-02
1.473691821098327637e+00
2.620074510574340820e+00
7.130091190338134766e-01
1.112283110618591309e+00
5.724572539329528809e-01
2.730227708816528320e-01
2.643051743507385254e-01
6.826099157333374023e-01
1.077102541923522949e+00
7.687905430793762207e-01
1.044458001852035522e-01
1.374170482158660889e-01
9.984636902809143066e-01
1.677259206771850586e-01
8.807677030563354492e-02
4.907166957855224609e-01
1.861573159694671631e-01
7.755771875381469727e-01
2.396030426025390625e-01
9.016156196594238281e-03
4.432102441787719727e-01
6.541679799556732178e-02
4.925875961780548096e-01
7.594610452651977539e-01
