6.946722984313964844e+00
5.765264630317687988e-01
1.248733699321746826e-01
1.423263251781463623e-01
1.447758316993713379e+00
6.755534410476684570e-01
8.105566501617431641e-01
5.993366241455078125e-02
2.011336684226989746e-01
5.055470466613769531e-01
3.772745132446289062e-01
2.671058177947998047e-01
8.105922341346740723e-01
8.586768507957458496e-01
8.522405028343200684e-01
8.375058770179748535e-01
1.900339126586914062e+00
2.879678726196289062e+00
1.979073524475097656e+00
1.212895870208740234e+00
9.407713413238525391e-01
9.822161793708801270e-01
8.375744223594665527e-01
4.270015060901641846e-01
9.989521503448486328e-01
8.192103505134582520e-01
3.478348255157470703e-01
4.153684675693511963e-01
6.075308322906494141e-01
3.656217157840728760e-01
3.458300530910491943e-01
6.027020215988159180e-01
6.164037585258483887e-01
3.781408667564392090e-01
4.417371451854705811e-01
4.749222397804260254e-01
1.363176822662353516e+00
7.154428362846374512e-01
2.135098278522491455e-01
5.934780240058898926e-01
