7.058395385742187500e+00
5.509642958641052246e-01
4.327618479728698730e-01
4.848788380622863770e-01
1.173252701759338379e+00
1.397031664848327637e+00
5.041344165802001953e-01
1.807087808847427368e-01
8.473194837570190430e-01
6.388654112815856934e-01
1.803743839263916016e-02
1.530593335628509521e-01
4.221452474594116211e-01
1.002479076385498047e+00
9.174996018409729004e-01
2.191551774740219116e-01
1.087846755981445312e+00
2.368922233581542969e+00
1.083662390708923340e+00
1.320148587226867676e+00
3.260701894760131836e-01
8.018486499786376953e-01
8.550412654876708984e-01
1.106547713279724121e+00
7.832721471786499023e-01
9.614982455968856812e-02
2.340167015790939331e-01
1.811727881431579590e-02
9.533787369728088379e-01
7.077019214630126953e-01
3.853704929351806641e-01
6.965969204902648926e-01
6.204354166984558105e-01
8.794020414352416992e-01
3.072641193866729736e-01
5.825876593589782715e-01
2.409303337335586548e-01
8.578590154647827148e-01
1.620209515094757080e-01
3.684309124946594238e-02
