7.763180732727050781e+00
5.882558822631835938e-01
4.128104448318481445e-01
1.044483304023742676e+00
1.479215383529663086e+00
8.559944629669189453e-01
8.645049929618835449e-01
3.363185226917266846e-01
8.821512460708618164e-01
6.928049921989440918e-01
2.019142657518386841e-01
1.169652864336967468e-02
4.610536694526672363e-01
3.638774156570434570e-01
3.736848831176757812e-01
5.069163069128990173e-02
1.516692996025085449e+00
2.467574119567871094e+00
1.262639045715332031e+00
1.360220909118652344e+00
5.903728008270263672e-01
3.753646910190582275e-01
2.569084763526916504e-01
9.193933755159378052e-02
1.437071681022644043e+00
8.033521175384521484e-01
6.611025333404541016e-02
2.112082839012145996e-01
6.284682154655456543e-01
1.842945069074630737e-02
1.016582250595092773e-01
1.604668647050857544e-01
8.162675052881240845e-02
5.462165474891662598e-01
3.625983297824859619e-01
1.435716450214385986e-01
2.456267327070236206e-01
4.938794672489166260e-02
1.007537603378295898e+00
4.014145135879516602e-01
