6.385428905487060547e+00
1.119548529386520386e-01
6.181721687316894531e-01
4.734805971384048462e-02
4.944212436676025391e-01
9.733496308326721191e-01
5.823251605033874512e-01
5.262151956558227539e-01
8.084154129028320312e-02
2.768136933445930481e-02
8.720967918634414673e-02
7.335891127586364746e-01
1.733805611729621887e-02
6.750546693801879883e-01
7.921335846185684204e-02
8.465295433998107910e-01
1.283790826797485352e+00
3.672655344009399414e+00
9.751833677291870117e-01
1.509889245033264160e+00
7.141001820564270020e-01
2.970770001411437988e-04
3.432631492614746094e-01
3.223821818828582764e-01
3.416703045368194580e-01
4.552853405475616455e-01
8.528118133544921875e-01
2.762909978628158569e-02
1.518109679222106934e+00
3.175674676895141602e-01
9.861960411071777344e-01
8.144115209579467773e-01
7.064593434333801270e-01
2.388082891702651978e-01
6.177387833595275879e-01
2.965235114097595215e-01
9.304736852645874023e-01
5.742686986923217773e-01
2.438645958900451660e-01
7.264899015426635742e-01
