6.290217876434326172e+00
8.981984853744506836e-01
6.314485669136047363e-01
2.926052212715148926e-01
1.082331299781799316e+00
2.759401500225067139e-01
7.189959883689880371e-01
7.909130305051803589e-02
7.596957683563232422e-01
9.851545691490173340e-01
9.072728455066680908e-02
1.729475557804107666e-01
1.632951945066452026e-02
6.384887099266052246e-01
4.561753273010253906e-01
4.178643226623535156e-01
1.721860527992248535e+00
2.465743541717529297e+00
1.163882136344909668e+00
1.291819572448730469e+00
7.667286396026611328e-01
1.077423542737960815e-01
4.990003705024719238e-01
4.507381319999694824e-01
1.360826730728149414e+00
4.169898331165313721e-01
2.765000984072685242e-02
4.212836325168609619e-01
2.405259758234024048e-01
3.293682336807250977e-01
7.843229174613952637e-02
3.577251732349395752e-01
5.958674550056457520e-01
1.762670427560806274e-01
3.856991529464721680e-01
2.652621269226074219e-01
7.291417717933654785e-01
1.445012986660003662e-01
5.753683298826217651e-02
4.258360564708709717e-01
