7.432847499847412109e+00
1.819688916206359863e+00
4.022630453109741211e-01
1.204171419143676758e+00
9.387446641921997070e-01
1.459277987480163574e+00
1.584249854087829590e+00
3.861258029937744141e-01
2.343581020832061768e-01
2.541049420833587646e-01
2.299061119556427002e-01
3.053064942359924316e-01
1.142576575279235840e+00
8.977786898612976074e-01
9.514611959457397461e-02
7.208197563886642456e-02
1.877578854560852051e+00
3.300918817520141602e+00
2.928602695465087891e-01
2.274424135684967041e-01
5.714196711778640747e-02
1.303258180618286133e+00
1.677418947219848633e+00
1.752923488616943359e+00
1.125693917274475098e+00
5.734257102012634277e-01
2.857023179531097412e-01
9.006116539239883423e-02
1.710414528846740723e+00
1.541270613670349121e-01
3.062003254890441895e-01
4.720357358455657959e-01
8.229471743106842041e-02
3.857347965240478516e-01
6.824590563774108887e-01
5.585440993309020996e-01
1.056790232658386230e+00
3.569016456604003906e-01
1.085023283958435059e+00
8.228993415832519531e-01
