7.101400852203369141e+00
1.343737691640853882e-01
3.607914447784423828e-01
5.816158652305603027e-01
1.328888773918151855e+00
1.040627121925354004e+00
6.845768094062805176e-01
1.275840252637863159e-01
7.298903465270996094e-01
8.188779950141906738e-01
3.380405902862548828e-01
2.890058159828186035e-01
3.492560982704162598e-01
6.584067344665527344e-01
1.340645998716354370e-01
1.011835038661956787e-01
1.529354810714721680e+00
2.725549936294555664e+00
1.041606426239013672e+00
1.433936238288879395e+00
4.290739297866821289e-01
4.101422056555747986e-02
5.983357131481170654e-02
6.831128895282745361e-02
1.183909654617309570e+00
3.717945814132690430e-01
7.051953673362731934e-02
9.147421270608901978e-02
9.978705048561096191e-01
3.588881343603134155e-02
2.439352720975875854e-01
4.231495559215545654e-01
5.902789235115051270e-01
6.169082522392272949e-01
4.511313140392303467e-01
7.721926271915435791e-02
4.485192894935607910e-01
2.328080236911773682e-01
6.459913253784179688e-01
6.909546852111816406e-01
