6.972153663635253906e+00
1.060924977064132690e-01
3.369126617908477783e-01
1.403964281082153320e+00
6.567202806472778320e-01
1.015698671340942383e+00
5.300688147544860840e-01
6.401621699333190918e-01
2.417436242103576660e-01
7.878397405147552490e-02
9.057761728763580322e-02
3.963271081447601318e-01
2.653859257698059082e-01
3.439107835292816162e-01
6.743218898773193359e-01
6.876825094223022461e-01
2.655243396759033203e+00
2.855767726898193359e+00
1.361226439476013184e+00
1.693142890930175781e+00
8.678305149078369141e-01
5.968412160873413086e-01
1.761005222797393799e-01
5.595486760139465332e-01
1.311382889747619629e+00
1.170363545417785645e+00
5.501715466380119324e-02
2.170962691307067871e-01
1.071300864219665527e+00
7.498139739036560059e-01
4.851886630058288574e-01
2.123186886310577393e-01
5.604150295257568359e-01
4.510835409164428711e-01
2.098945975303649902e-01
4.348092079162597656e-01
1.123591959476470947e-01
6.579284369945526123e-02
9.549538493156433105e-01
8.265639543533325195e-01
