6.235370159149169922e+00
2.128860354423522949e-01
3.016134202480316162e-01
1.039509177207946777e+00
3.282080888748168945e-01
1.142181873321533203e+00
6.290886402130126953e-01
4.176761507987976074e-01
3.210682868957519531e-01
7.964821159839630127e-02
3.478084802627563477e-01
1.574293524026870728e-02
5.061272382736206055e-01
2.151844799518585205e-01
1.417044848203659058e-01
6.799528002738952637e-02
1.927345037460327148e+00
2.653398513793945312e+00
1.439226508140563965e+00
1.668600678443908691e+00
3.364982604980468750e-01
2.954788804054260254e-01
4.462589621543884277e-01
4.396979212760925293e-01
6.673381328582763672e-01
5.741191506385803223e-01
2.953893244266510010e-01
5.822295546531677246e-01
1.502962112426757812e+00
7.898909598588943481e-02
2.180779427289962769e-01
5.124552547931671143e-02
1.998687535524368286e-02
9.635521769523620605e-01
6.718711853027343750e-01
7.706184685230255127e-02
1.987462192773818970e-01
2.398554384708404541e-01
5.317496061325073242e-01
8.494954109191894531e-01
