6.185389041900634766e+00
2.433009445667266846e-02
5.473975539207458496e-01
8.828992843627929688e-01
1.333016157150268555e+00
7.069650888442993164e-01
5.873139500617980957e-01
2.329832315444946289e-01
2.277617007493972778e-01
1.206409335136413574e+00
2.239643484354019165e-01
3.044978678226470947e-01
4.493452310562133789e-01
3.999273478984832764e-01
7.270880937576293945e-01
3.165277540683746338e-01
1.579091191291809082e+00
3.170295238494873047e+00
1.748782157897949219e+00
1.513100743293762207e+00
4.123594164848327637e-01
2.390568554401397705e-01
4.628211259841918945e-01
3.857632875442504883e-01
1.310360550880432129e+00
3.449013531208038330e-01
6.314131617546081543e-02
6.441519260406494141e-01
1.791364103555679321e-01
5.460845232009887695e-01
7.050092220306396484e-01
2.763465046882629395e-01
5.672588348388671875e-01
1.650968343019485474e-01
2.885385155677795410e-01
1.926228106021881104e-01
3.626941442489624023e-01
2.308886051177978516e-01
1.585639715194702148e-01
1.784670352935791016e-02
