6.565186500549316406e+00
4.844946861267089844e-01
2.205413341522216797e+00
4.804913997650146484e-01
6.164911985397338867e-01
5.650469064712524414e-01
9.953701496124267578e-02
1.329163908958435059e+00
1.045210599899291992e+00
2.410913556814193726e-01
3.210176825523376465e-01
1.350677847862243652e+00
3.476312458515167236e-01
7.680470943450927734e-01
9.304373264312744141e-01
1.942306458950042725e-01
1.272849440574645996e-01
1.638859629631042480e+00
2.948760390281677246e-01
4.292908310890197754e-01
8.425612449645996094e-01
2.582444250583648682e-01
2.564175724983215332e-01
1.376616954803466797e-01
7.884137630462646484e-01
2.266004383563995361e-01
8.444206118583679199e-01
1.362089216709136963e-01
1.208319067955017090e+00
7.438353896141052246e-01
7.068129777908325195e-01
1.925628036260604858e-01
1.716387629508972168e+00
4.813137054443359375e-01
4.929009079933166504e-01
9.762603640556335449e-01
7.325481176376342773e-01
1.937918812036514282e-01
8.793730288743972778e-02
1.015725731849670410e+00
