7.817975521087646484e+00
5.412120819091796875e-01
3.681808710098266602e-03
4.725940823554992676e-01
8.176444172859191895e-01
5.512282252311706543e-01
9.076853990554809570e-01
5.078963637351989746e-01
4.128001332283020020e-01
1.280602812767028809e-02
1.878332644701004028e-01
2.137053757905960083e-01
2.928935289382934570e-01
4.761563837528228760e-01
2.892492413520812988e-01
8.574453592300415039e-01
2.379430055618286133e+00
2.306517601013183594e+00
1.103141188621520996e+00
1.578076839447021484e+00
7.824777364730834961e-01
3.365688621997833252e-01
3.406381607055664062e-02
6.885725259780883789e-01
1.139163374900817871e+00
1.234743356704711914e+00
2.283146604895591736e-02
4.320000708103179932e-01
9.923981428146362305e-01
1.203481316566467285e+00
1.779092401266098022e-01
4.050018489360809326e-01
5.969677567481994629e-01
2.796071767807006836e-01
2.134078443050384521e-01
6.954227685928344727e-01
4.567974805831909180e-02
6.587441265583038330e-02
5.429403781890869141e-01
1.137501001358032227e+00
