7.010157585144042969e+00
1.263055801391601562e+00
4.470805078744888306e-02
1.163653016090393066e+00
1.450563549995422363e+00
6.132895946502685547e-01
4.565181732177734375e-01
1.691095829010009766e-01
1.164338350296020508e+00
3.180003464221954346e-01
1.372839212417602539e-01
4.764019548892974854e-01
1.922228038311004639e-01
1.650253057479858398e+00
1.203942418098449707e+00
3.888250589370727539e-01
1.416225910186767578e+00
2.757402420043945312e+00
6.112043261528015137e-01
2.711262702941894531e-01
1.711580902338027954e-02
5.663818120956420898e-02
1.197858929634094238e+00
1.693844914436340332e+00
6.365600824356079102e-01
6.464667320251464844e-01
1.381304487586021423e-02
2.739375084638595581e-02
1.120477080345153809e+00
6.993155181407928467e-02
7.420766353607177734e-01
1.169918775558471680e+00
7.035894393920898438e-01
4.927272796630859375e-01
2.584252357482910156e-01
2.273386567831039429e-01
7.563965916633605957e-01
7.238958477973937988e-01
4.793218672275543213e-01
6.380833387374877930e-01
