6.896458148956298828e+00
1.656237393617630005e-01
4.453691542148590088e-01
1.090050578117370605e+00
1.581030249595642090e+00
4.322521984577178955e-01
6.522786021232604980e-01
6.292980313301086426e-01
3.821164369583129883e-03
1.771000027656555176e-01
3.208014369010925293e-01
3.523686826229095459e-01
8.413241505622863770e-01
3.552877902984619141e-01
1.553263664245605469e+00
3.984373211860656738e-01
1.867396235466003418e+00
2.693130254745483398e+00
1.175348758697509766e+00
1.439081668853759766e+00
6.948155760765075684e-01
6.212621331214904785e-01
4.249022603034973145e-01
8.415811657905578613e-01
7.226982116699218750e-01
1.797278404235839844e+00
1.377526372671127319e-01
9.453833103179931641e-03
9.929559826850891113e-01
4.893607795238494873e-01
1.099533736705780029e-01
5.980120897293090820e-01
3.596889376640319824e-01
3.858800530433654785e-01
1.199101582169532776e-01
3.727483153343200684e-01
6.364428400993347168e-01
6.475263833999633789e-01
4.401678740978240967e-01
7.736935615539550781e-01
