6.317290306091308594e+00
7.637438774108886719e-01
3.655647635459899902e-01
3.957980871200561523e-01
1.150318026542663574e+00
4.204808920621871948e-02
5.684223771095275879e-01
1.835896223783493042e-01
1.171110868453979492e+00
8.707433938980102539e-01
1.585856229066848755e-01
1.824319660663604736e-01
4.170923829078674316e-01
5.470445156097412109e-01
5.328161716461181641e-01
5.872125029563903809e-01
1.697225689888000488e+00
2.552726507186889648e+00
1.279266119003295898e+00
1.332157135009765625e+00
6.994374990463256836e-01
1.179680526256561279e-01
5.929050445556640625e-01
2.370172142982482910e-01
1.230270743370056152e+00
5.130482912063598633e-01
2.377725020051002502e-02
5.147303938865661621e-01
2.026602029800415039e-01
1.990752518177032471e-01
3.506454825401306152e-02
3.844321966171264648e-01
6.221184134483337402e-01
3.717716336250305176e-01
5.521442294120788574e-01
1.801905632019042969e-01
8.183159232139587402e-01
9.358690679073333740e-02
1.616915464401245117e-01
5.291248559951782227e-01
