7.167304039001464844e+00
1.182533800601959229e-02
6.165333986282348633e-01
8.661795854568481445e-01
1.329004406929016113e+00
7.705514430999755859e-01
7.379547953605651855e-01
6.561919301748275757e-02
6.020748615264892578e-01
7.492744922637939453e-01
2.119570523500442505e-01
4.928066432476043701e-01
5.760192275047302246e-01
5.876167416572570801e-01
3.365187048912048340e-01
6.880878657102584839e-02
1.531555771827697754e+00
2.640408277511596680e+00
1.220050454139709473e+00
1.404549479484558105e+00
3.504873514175415039e-01
4.597795307636260986e-01
3.968437016010284424e-02
9.955263137817382812e-02
1.257175326347351074e+00
6.050614714622497559e-01
7.474321126937866211e-02
2.155444025993347168e-01
9.752076864242553711e-01
6.538307666778564453e-02
1.859724372625350952e-01
6.271185874938964844e-01
6.476200222969055176e-01
3.730400204658508301e-01
3.579363226890563965e-01
2.813889086246490479e-02
1.020665615797042847e-01
3.765821456909179688e-01
7.282333970069885254e-01
4.549859166145324707e-01
