6.944307804107666016e+00
1.020976185798645020e+00
6.155389547348022461e-01
1.583377480506896973e+00
1.367910146713256836e+00
9.965376257896423340e-01
1.184427380561828613e+00
2.400412410497665405e-01
4.602068364620208740e-01
6.758892536163330078e-01
4.154432415962219238e-01
4.740274250507354736e-01
2.139930427074432373e-01
7.485284805297851562e-01
2.060346156358718872e-01
3.902400732040405273e-01
1.192427158355712891e+00
3.008243560791015625e+00
5.539031624794006348e-01
8.295535445213317871e-01
2.555668354034423828e-01
1.110174775123596191e+00
1.010409235954284668e+00
1.718287110328674316e+00
7.084891796112060547e-01
1.039565801620483398e+00
3.591110110282897949e-01
3.593573570251464844e-01
1.465792536735534668e+00
3.424980342388153076e-01
8.510026931762695312e-01
9.541603922843933105e-01
8.776850104331970215e-01
7.095054984092712402e-01
5.597273111343383789e-01
4.420618414878845215e-01
3.648742437362670898e-01
3.368450403213500977e-01
2.625238299369812012e-01
1.331626296043395996e+00
