7.053425788879394531e+00
3.840582072734832764e-02
5.955605506896972656e-01
8.999140858650207520e-01
1.229580044746398926e+00
7.117937803268432617e-01
3.286236524581909180e-01
1.294013261795043945e-01
4.756160378456115723e-01
5.275261402130126953e-01
2.921938896179199219e-01
5.749239325523376465e-01
6.312095522880554199e-01
7.300874590873718262e-01
1.154713988304138184e+00
4.855802655220031738e-02
1.318371057510375977e+00
3.291651010513305664e+00
1.225069284439086914e+00
1.200886845588684082e+00
5.660708546638488770e-01
1.389379203319549561e-01
4.377139210700988770e-01
9.361232072114944458e-02
9.789173603057861328e-01
6.982321739196777344e-01
2.228039130568504333e-02
2.722371518611907959e-01
9.873765707015991211e-01
8.865153044462203979e-02
4.193014204502105713e-01
2.941702306270599365e-01
7.549330592155456543e-01
1.036749243736267090e+00
5.243866145610809326e-02
1.197929829359054565e-01
6.009149551391601562e-02
4.853627085685729980e-01
5.984672158956527710e-02
8.236013650894165039e-01
