6.733996868133544922e+00
1.192167401313781738e+00
2.145799636840820312e+00
8.393044471740722656e-01
5.438446998596191406e-03
4.541257917881011963e-01
5.277390778064727783e-02
1.466924786567687988e+00
9.005103111267089844e-01
7.121285796165466309e-01
9.651698172092437744e-02
1.417219281196594238e+00
1.201274916529655457e-01
7.719044089317321777e-01
8.678300380706787109e-01
8.751809000968933105e-01
1.760411262512207031e-01
1.563136458396911621e+00
3.950740396976470947e-01
7.016941159963607788e-02
6.986408829689025879e-01
2.216417640447616577e-01
4.920160770416259766e-01
1.102538630366325378e-01
5.186041593551635742e-01
6.907101720571517944e-02
1.373831033706665039e+00
5.117338150739669800e-02
1.484967827796936035e+00
5.834015607833862305e-01
1.308239698410034180e+00
3.941236808896064758e-02
1.410203337669372559e+00
6.535291075706481934e-01
3.316671848297119141e-01
4.874073863029479980e-01
9.400808215141296387e-01
2.315151840448379517e-01
8.284618705511093140e-02
9.890058040618896484e-01
