6.721406936645507812e+00
1.228259503841400146e-01
1.261600494384765625e+00
2.247281074523925781e-01
1.394572615623474121e+00
1.272124171257019043e+00
7.233628034591674805e-01
6.627162694931030273e-01
5.421347618103027344e-01
3.337090909481048584e-01
6.207875907421112061e-03
2.553410232067108154e-01
1.018292903900146484e+00
2.415391206741333008e-01
8.268752098083496094e-01
4.089812636375427246e-01
1.714746594429016113e+00
2.871816396713256836e+00
1.692120075225830078e+00
1.796215772628784180e+00
5.427481532096862793e-01
1.197177171707153320e+00
1.485605120658874512e+00
5.573853850364685059e-02
2.774261832237243652e-01
2.870689034461975098e-01
2.413171976804733276e-01
2.314636111259460449e-01
1.468485116958618164e+00
1.660868898034095764e-02
2.014018893241882324e-01
2.094811052083969116e-01
6.574491411447525024e-02
3.550949096679687500e-01
6.560137122869491577e-02
4.981807470321655273e-01
7.499895095825195312e-01
2.515628933906555176e-03
4.133195877075195312e-01
3.465476632118225098e-01
