7.267443656921386719e+00
1.354066967964172363e+00
2.024041414260864258e-01
1.105791687965393066e+00
8.236593604087829590e-01
9.356102347373962402e-01
8.332111239433288574e-01
3.484859168529510498e-01
1.155277967453002930e+00
5.379471778869628906e-01
2.350109368562698364e-01
6.885212063789367676e-01
4.153915643692016602e-01
7.498622536659240723e-01
9.309725463390350342e-02
4.739153087139129639e-01
1.206210017204284668e+00
2.952991008758544922e+00
7.136964201927185059e-01
1.041141986846923828e+00
1.555375099182128906e+00
5.580838322639465332e-01
1.518493294715881348e-01
1.270037174224853516e+00
1.230897545814514160e+00
9.388611316680908203e-01
2.820975184440612793e-01
4.327460229396820068e-01
6.415941715240478516e-01
4.571972489356994629e-01
7.184996604919433594e-01
5.466605424880981445e-01
4.156157672405242920e-01
5.317690372467041016e-01
8.140988945960998535e-01
4.143732786178588867e-02
6.054388880729675293e-01
3.562884926795959473e-01
9.347837418317794800e-02
5.271635055541992188e-01
