6.282082080841064453e+00
4.457886219024658203e-01
2.157268047332763672e+00
4.359434247016906738e-01
1.186769723892211914e+00
4.288830459117889404e-01
1.860176026821136475e-01
1.147506952285766602e+00
5.099333524703979492e-01
7.047077417373657227e-01
5.959776639938354492e-01
1.155789732933044434e+00
9.107711911201477051e-01
8.650459647178649902e-01
1.036687850952148438e+00
7.047892808914184570e-01
1.797725260257720947e-01
1.570149660110473633e+00
4.488964378833770752e-01
4.487537145614624023e-01
8.320969343185424805e-01
4.666630327701568604e-01
2.831273078918457031e-01
2.608070969581604004e-01
3.370338678359985352e-01
5.865992903709411621e-01
2.050667524337768555e+00
1.229243755340576172e+00
1.383930921554565430e+00
1.688705980777740479e-01
1.238980650901794434e+00
3.799718916416168213e-01
1.554259300231933594e+00
7.021247744560241699e-01
3.031324148178100586e-01
1.123944520950317383e+00
1.327536940574645996e+00
3.264030218124389648e-01
5.926864147186279297e-01
6.629457473754882812e-01
