7.361625671386718750e+00
1.810027956962585449e-01
6.235271692276000977e-01
1.046250939369201660e+00
9.847482442855834961e-01
7.610890269279479980e-01
4.257174134254455566e-01
8.247728943824768066e-01
3.830721974372863770e-01
3.814343810081481934e-01
4.065826535224914551e-02
3.417797982692718506e-01
8.859857320785522461e-01
2.646009027957916260e-01
6.190367341041564941e-01
2.614228427410125732e-01
2.159547090530395508e+00
2.430815219879150391e+00
1.449023962020874023e+00
1.846724033355712891e+00
4.648085832595825195e-01
7.162569761276245117e-01
1.698445677757263184e-01
2.706126272678375244e-01
8.366725444793701172e-01
9.479677081108093262e-01
5.578830465674400330e-02
2.208800017833709717e-01
1.438589572906494141e+00
1.136272311210632324e+00
5.773955583572387695e-01
3.602275252342224121e-01
7.607046365737915039e-01
3.672290444374084473e-01
2.418702244758605957e-01
4.822726249694824219e-01
6.037862300872802734e-01
3.368942439556121826e-02
6.859025359153747559e-01
8.540112972259521484e-01
