6.579363822937011719e+00
2.257552742958068848e-01
3.037935495376586914e-02
1.214843750000000000e+00
1.116332888603210449e+00
9.938387274742126465e-01
6.966345906257629395e-01
6.295506358146667480e-01
9.206115007400512695e-01
2.883427143096923828e-01
5.534932613372802734e-01
6.476948261260986328e-01
3.080006837844848633e-01
3.298725932836532593e-02
8.767555356025695801e-01
5.993248820304870605e-01
1.621802687644958496e+00
4.003648281097412109e+00
1.211784124374389648e+00
1.224199652671813965e+00
1.010556370019912720e-01
7.680846452713012695e-01
9.441510587930679321e-02
6.134456992149353027e-01
9.598609209060668945e-01
1.428935885429382324e+00
3.514944911003112793e-01
1.857765316963195801e-01
1.425961375236511230e+00
1.144605353474617004e-01
4.494822025299072266e-02
6.498281955718994141e-01
9.523027390241622925e-02
5.393123030662536621e-01
3.815405666828155518e-01
1.534895002841949463e-01
2.693247199058532715e-01
5.226837098598480225e-02
4.693496525287628174e-01
5.514505505561828613e-01
