7.205736160278320312e+00
5.353404581546783447e-02
6.172922253608703613e-01
3.574109375476837158e-01
1.149628043174743652e+00
8.385177850723266602e-01
8.320471048355102539e-01
2.319678068161010742e-01
7.508018612861633301e-01
9.297978281974792480e-01
3.627873063087463379e-01
4.646351635456085205e-01
6.477858424186706543e-01
7.922937870025634766e-01
2.388770133256912231e-01
3.063118159770965576e-01
1.671850085258483887e+00
2.754502773284912109e+00
1.082068085670471191e+00
1.499789953231811523e+00
5.847250819206237793e-01
9.596075117588043213e-02
1.934496313333511353e-01
2.656036317348480225e-01
9.620970487594604492e-01
3.040272891521453857e-01
5.572305917739868164e-01
4.969886243343353271e-01
1.072777509689331055e+00
9.459099918603897095e-02
3.824226856231689453e-01
4.941120743751525879e-01
6.631004214286804199e-01
1.329052090644836426e+00
4.366155266761779785e-01
1.471325010061264038e-01
3.621023893356323242e-02
3.453345298767089844e-01
1.182452514767646790e-01
3.200124502182006836e-01
