7.345893859863281250e+00
5.830507874488830566e-01
6.044544577598571777e-01
8.940516710281372070e-01
1.166952967643737793e+00
6.134054064750671387e-01
6.513052582740783691e-01
7.786469161510467529e-02
7.205650210380554199e-01
3.731127381324768066e-01
4.290648698806762695e-01
5.089053511619567871e-01
2.858546376228332520e-01
6.426667571067810059e-01
4.776056408882141113e-01
8.244448155164718628e-02
1.476197600364685059e+00
3.177127838134765625e+00
8.725740909576416016e-01
1.237615942955017090e+00
8.594633936882019043e-01
3.397623598575592041e-01
4.953002929687500000e-01
5.172550082206726074e-01
1.020466923713684082e+00
7.482789158821105957e-01
3.299448490142822266e-01
3.212031722068786621e-01
1.136844277381896973e+00
7.557630538940429688e-02
1.785255968570709229e-01
2.257566452026367188e-01
5.662540793418884277e-01
1.083693504333496094e+00
8.708932250738143921e-02
1.008555293083190918e-01
7.578270435333251953e-01
3.477995991706848145e-01
3.842760622501373291e-01
8.761047124862670898e-01
