6.720942020416259766e+00
6.538101434707641602e-01
2.285840511322021484e+00
2.694264948368072510e-01
5.539325475692749023e-01
6.926976442337036133e-01
6.618668138980865479e-02
1.389204978942871094e+00
9.415184855461120605e-01
3.306383788585662842e-01
4.271068572998046875e-01
1.326462984085083008e+00
1.005853191018104553e-01
7.936917543411254883e-01
7.708459496498107910e-01
4.738792479038238525e-01
8.025751262903213501e-02
1.576860666275024414e+00
1.543745249509811401e-01
4.041491150856018066e-01
8.746192455291748047e-01
2.466780394315719604e-01
3.661463260650634766e-01
4.956336319446563721e-02
6.588104963302612305e-01
2.340615093708038330e-01
9.731286168098449707e-01
1.107275411486625671e-01
1.337273359298706055e+00
6.084498763084411621e-01
7.578104734420776367e-01
2.079632431268692017e-01
1.679957270622253418e+00
5.425240397453308105e-01
2.703340947628021240e-01
1.026997685432434082e+00
8.626266717910766602e-01
7.927657663822174072e-02
5.406109243631362915e-02
1.035329461097717285e+00
