6.232271671295166016e+00
7.594857215881347656e-01
5.617975592613220215e-01
1.994086205959320068e-01
1.143771648406982422e+00
2.443540692329406738e-01
5.820955634117126465e-01
1.137111485004425049e-01
5.826624631881713867e-01
9.455326795578002930e-01
1.075946986675262451e-01
3.436995744705200195e-01
2.231421172618865967e-01
6.061689257621765137e-01
6.037837862968444824e-01
5.133545994758605957e-01
1.598029255867004395e+00
2.468901634216308594e+00
1.294402003288269043e+00
1.288051486015319824e+00
7.625162601470947266e-01
2.012848854064941406e-01
5.484116673469543457e-01
4.957646429538726807e-01
1.283251762390136719e+00
5.393645167350769043e-01
4.422072693705558777e-02
4.827008545398712158e-01
1.774149239063262939e-01
3.161017298698425293e-01
2.741925418376922607e-01
3.508578538894653320e-01
6.546447277069091797e-01
2.358034253120422363e-02
2.991994917392730713e-01
4.071717709302902222e-02
8.635970950126647949e-01
5.110916495323181152e-02
9.940434992313385010e-02
3.214035332202911377e-01
