6.960476398468017578e+00
1.473608493804931641e+00
3.326652646064758301e-01
1.091521382331848145e+00
1.337889790534973145e+00
5.724844932556152344e-01
2.915668487548828125e-01
1.649118363857269287e-01
1.028665184974670410e+00
1.792866885662078857e-01
1.261480599641799927e-01
3.941621184349060059e-01
2.043094635009765625e-01
1.475545883178710938e+00
1.228205680847167969e+00
4.718840122222900391e-01
1.438704013824462891e+00
2.861874818801879883e+00
4.762471318244934082e-01
2.184219360351562500e-01
1.629306375980377197e-01
8.477811515331268311e-02
1.206247448921203613e+00
1.686440706253051758e+00
6.330085992813110352e-01
8.570858240127563477e-01
7.220225036144256592e-02
2.513793706893920898e-01
1.079106450080871582e+00
9.143444895744323730e-02
7.145905494689941406e-01
1.040069818496704102e+00
5.368068814277648926e-01
4.075762033462524414e-01
2.407713830471038818e-01
2.473705857992172241e-01
1.049820780754089355e+00
8.784573674201965332e-01
3.674500882625579834e-01
8.385374546051025391e-01
