7.533449649810791016e+00
4.613041281700134277e-01
8.837500810623168945e-01
8.333492875099182129e-01
1.481680631637573242e+00
6.652665734291076660e-01
6.688787341117858887e-01
4.377490282058715820e-02
1.126889348030090332e+00
7.515267729759216309e-01
1.144274324178695679e-01
8.523403406143188477e-01
3.630470931529998779e-01
5.793192982673645020e-01
6.027947664260864258e-01
5.430681630969047546e-02
1.261281847953796387e+00
2.992787599563598633e+00
8.392762541770935059e-01
1.386394143104553223e+00
6.761784553527832031e-01
3.340407013893127441e-01
3.342124819755554199e-01
1.658925712108612061e-01
1.087793350219726562e+00
9.115337133407592773e-01
3.823521435260772705e-01
7.275270223617553711e-01
9.750660061836242676e-01
3.197328150272369385e-01
4.023863375186920166e-01
2.975151538848876953e-01
4.595555365085601807e-01
1.836464554071426392e-01
4.073416590690612793e-01
6.553987413644790649e-02
7.431305050849914551e-01
1.335251629352569580e-01
2.757558524608612061e-01
4.198032319545745850e-01
