6.101233482360839844e+00
2.053366452455520630e-01
9.286589622497558594e-01
5.310453474521636963e-03
1.348768711090087891e+00
3.108719885349273682e-01
8.144888281822204590e-01
1.784736961126327515e-01
7.398774623870849609e-01
1.060734391212463379e+00
7.272611558437347412e-02
6.263937354087829590e-01
4.776907265186309814e-01
6.509846448898315430e-01
1.385700106620788574e-01
7.498308420181274414e-01
1.193216204643249512e+00
2.365342617034912109e+00
1.053173661231994629e+00
1.567138910293579102e+00
1.049793720245361328e+00
1.141540706157684326e-02
3.212906718254089355e-01
5.364437103271484375e-01
1.089153647422790527e+00
7.957789301872253418e-01
2.172181382775306702e-02
5.060101151466369629e-01
2.688255012035369873e-01
3.938391208648681641e-01
5.500337481498718262e-02
6.355645656585693359e-01
7.781028151512145996e-01
1.075755804777145386e-01
1.180470511317253113e-01
4.131082296371459961e-01
1.105406433343887329e-01
2.319647669792175293e-01
3.598888516426086426e-01
1.324160397052764893e-01
