7.475830078125000000e+00
5.523935556411743164e-01
5.549807548522949219e-01
1.046596407890319824e+00
1.325224280357360840e+00
9.243767857551574707e-01
9.646381139755249023e-01
3.659957051277160645e-01
7.781001329421997070e-01
6.784949898719787598e-01
1.190389543771743774e-01
9.262324124574661255e-02
5.101005434989929199e-01
2.873552143573760986e-01
1.765410453081130981e-01
7.585231959819793701e-02
1.603616476058959961e+00
2.544949054718017578e+00
1.438266873359680176e+00
1.458332777023315430e+00
5.625901818275451660e-01
3.649102151393890381e-01
2.255105525255203247e-01
1.261786222457885742e-01
1.406557083129882812e+00
7.160637974739074707e-01
3.531727567315101624e-02
2.492217719554901123e-01
6.454211473464965820e-01
2.295289635658264160e-01
3.174322843551635742e-02
3.352911472320556641e-01
9.115985780954360962e-02
5.057955384254455566e-01
4.367858171463012695e-01
1.557053625583648682e-01
3.769149780273437500e-01
3.025391101837158203e-01
1.042572736740112305e+00
3.609979748725891113e-01
