7.258959293365478516e+00
1.237225294113159180e+00
1.018184661865234375e+00
1.598376512527465820e+00
1.221813797950744629e+00
8.400477766990661621e-01
7.722960710525512695e-01
5.397696495056152344e-01
1.175668954849243164e+00
5.649886131286621094e-01
2.569508552551269531e-01
3.951397836208343506e-01
4.770805835723876953e-01
5.028905868530273438e-01
6.611721515655517578e-01
1.610978543758392334e-01
1.704366326332092285e+00
2.487734317779541016e+00
6.086453795433044434e-01
9.955931305885314941e-01
9.947329759597778320e-01
4.946829378604888916e-01
2.213382571935653687e-01
1.240584015846252441e+00
1.289353728294372559e+00
1.421761393547058105e+00
4.883998036384582520e-01
3.984531462192535400e-01
7.288094758987426758e-01
4.349406361579895020e-01
1.276204884052276611e-01
1.943759918212890625e-01
1.847857832908630371e-01
1.278141289949417114e-01
3.460528254508972168e-01
2.040839046239852905e-01
4.677185416221618652e-01
1.932903975248336792e-01
7.522900104522705078e-01
7.954771518707275391e-01
