7.054769992828369141e+00
1.937282830476760864e-02
1.019213676452636719e+00
4.506155252456665039e-01
1.468643903732299805e+00
1.014755487442016602e+00
8.313719034194946289e-01
3.192884325981140137e-01
7.536537647247314453e-01
1.059700965881347656e+00
4.563899040222167969e-01
6.735365837812423706e-03
7.253942638635635376e-02
7.071940898895263672e-01
5.509369075298309326e-02
4.176630079746246338e-02
1.762550473213195801e+00
2.789929151535034180e+00
1.134642243385314941e+00
1.590813279151916504e+00
5.164418816566467285e-01
3.782123699784278870e-02
3.000185489654541016e-01
3.406803011894226074e-01
1.359037280082702637e+00
1.512669622898101807e-01
4.790163412690162659e-02
1.521860063076019287e-01
9.071281552314758301e-01
1.537133008241653442e-01
6.735034286975860596e-02
2.594943046569824219e-01
2.751040458679199219e-01
1.091966032981872559e+00
6.952498555183410645e-01
3.203971683979034424e-01
5.602850317955017090e-01
2.935361862182617188e-02
7.748263478279113770e-01
1.366696953773498535e-01
