6.874890327453613281e+00
8.341282606124877930e-01
2.220128476619720459e-02
1.983819007873535156e+00
1.180128812789916992e+00
7.865160703659057617e-01
9.279425740242004395e-01
4.241553694009780884e-02
8.046730160713195801e-01
1.344797611236572266e+00
1.029501110315322876e-01
4.649941623210906982e-01
9.884271025657653809e-02
4.188213646411895752e-01
3.536917567253112793e-01
1.217548474669456482e-01
1.783408880233764648e+00
2.659520387649536133e+00
1.025353074073791504e+00
9.134009480476379395e-01
3.757640123367309570e-01
3.901908695697784424e-01
3.289048671722412109e-01
4.167600274085998535e-01
1.610727429389953613e+00
6.689102053642272949e-01
2.067670375108718872e-01
1.323286294937133789e+00
4.831843078136444092e-01
1.374039351940155029e-01
9.845043420791625977e-01
7.869706153869628906e-01
5.343322753906250000e-01
2.744092345237731934e-01
7.680435776710510254e-01
6.021044850349426270e-01
7.417877912521362305e-01
1.819123327732086182e-02
1.119731068611145020e+00
2.503591179847717285e-01
