6.492021083831787109e+00
7.736060023307800293e-01
1.776448041200637817e-01
8.536614775657653809e-01
1.149937868118286133e+00
1.593218684196472168e+00
1.116900444030761719e+00
2.266476601362228394e-01
5.646997690200805664e-01
4.639560878276824951e-01
3.719048500061035156e-01
4.053724408149719238e-01
1.591179966926574707e-01
6.488106846809387207e-01
8.220005035400390625e-01
5.246284008026123047e-01
1.507972240447998047e+00
2.356473207473754883e+00
8.408586382865905762e-01
9.681830406188964844e-01
5.666390657424926758e-01
1.890540271997451782e-01
3.762038946151733398e-01
4.597346186637878418e-01
1.401402950286865234e+00
2.194275557994842529e-01
2.566744685173034668e-01
5.757840275764465332e-01
5.343943089246749878e-02
4.043482244014739990e-01
1.578217446804046631e-01
1.047437667846679688e+00
4.382199645042419434e-01
6.202523708343505859e-01
6.825134158134460449e-01
2.002720683813095093e-01
7.054333388805389404e-02
1.494468599557876587e-01
2.157961428165435791e-01
1.601076424121856689e-01
