7.213698863983154297e+00
1.225126236677169800e-01
1.057364702224731445e+00
6.391990184783935547e-01
1.513689160346984863e+00
7.744586467742919922e-01
8.018930554389953613e-01
7.549536824226379395e-01
6.509503126144409180e-01
9.156200289726257324e-01
4.499554038047790527e-01
5.173621177673339844e-01
5.895509123802185059e-01
8.498511314392089844e-01
2.060850411653518677e-01
1.664327234029769897e-01
4.644332528114318848e-01
1.814938187599182129e+00
7.111580371856689453e-01
2.058420658111572266e+00
1.024525880813598633e+00
4.519900381565093994e-01
3.201494216918945312e-01
8.649169653654098511e-02
1.217879772186279297e+00
1.057576894760131836e+00
6.142575740814208984e-01
2.376092225313186646e-02
1.553784370422363281e+00
1.552762091159820557e-01
7.993069291114807129e-02
1.078118801116943359e+00
7.900063395500183105e-01
8.004349470138549805e-02
2.557191848754882812e-01
3.041639328002929688e-01
1.057764768600463867e+00
7.537819147109985352e-01
9.716049581766128540e-02
4.631510674953460693e-01
