6.370977878570556641e+00
6.212102174758911133e-01
4.507820010185241699e-01
9.143436551094055176e-01
1.303199291229248047e+00
7.767212390899658203e-01
5.418819189071655273e-01
3.108322024345397949e-01
7.728847265243530273e-01
1.253011524677276611e-01
3.226916193962097168e-01
1.750076770782470703e+00
2.455853223800659180e-01
3.583357632160186768e-01
1.460824728012084961e+00
8.116118907928466797e-01
1.238690972328186035e+00
2.400702238082885742e+00
2.210164368152618408e-01
1.062468767166137695e+00
3.224713504314422607e-01
6.604405045509338379e-01
7.093643546104431152e-01
5.300118774175643921e-02
8.039015531539916992e-01
2.923430502414703369e-01
3.197384476661682129e-01
4.597248136997222900e-01
8.348681330680847168e-01
4.706638753414154053e-01
2.912972271442413330e-01
7.701171636581420898e-01
9.904365539550781250e-01
6.889764666557312012e-01
5.413323044776916504e-01
7.139476537704467773e-01
2.657282948493957520e-01
5.230928957462310791e-02
2.452488243579864502e-01
2.146849185228347778e-01
