7.456893920898437500e+00
3.541887402534484863e-01
1.710679531097412109e-01
9.574313759803771973e-01
1.611067175865173340e+00
7.708243727684020996e-01
5.302724242210388184e-01
5.254040360450744629e-01
8.241134285926818848e-01
6.023373603820800781e-01
1.402923166751861572e-01
1.824050769209861755e-02
4.072543084621429443e-01
7.784535884857177734e-01
9.941757917404174805e-01
6.712120175361633301e-01
4.959473311901092529e-01
1.967888951301574707e+00
1.128965497016906738e+00
1.567012310028076172e+00
5.287260413169860840e-01
1.294734954833984375e+00
3.032391667366027832e-01
1.116374731063842773e+00
1.049714326858520508e+00
4.850912988185882568e-01
2.557431757450103760e-01
1.271927058696746826e-01
8.792359828948974609e-01
1.647009253501892090e-01
3.774949312210083008e-01
6.031007766723632812e-01
6.478249430656433105e-01
1.159038424491882324e+00
1.595441251993179321e-02
3.226910829544067383e-01
2.698304653167724609e-01
8.314107060432434082e-01
2.224493920803070068e-01
3.254769444465637207e-01
