6.688556671142578125e+00
1.415373086929321289e+00
5.489447116851806641e-01
3.480333387851715088e-01
9.612164497375488281e-01
1.599962353706359863e+00
7.186938524246215820e-01
3.727802336215972900e-01
3.740295469760894775e-01
3.189952969551086426e-01
1.284905523061752319e-01
7.624126076698303223e-01
1.038039848208427429e-01
1.104947566986083984e+00
7.864363789558410645e-01
5.106482505798339844e-01
1.707206130027770996e+00
1.628641009330749512e+00
5.444073677062988281e-01
6.794143319129943848e-01
4.378666281700134277e-01
5.331320762634277344e-01
1.129928708076477051e+00
7.648372650146484375e-01
4.606606066226959229e-01
5.024322271347045898e-01
2.009973376989364624e-01
1.272082567214965820e+00
1.512897491455078125e+00
5.684583187103271484e-01
6.270555257797241211e-01
1.660272479057312012e-01
5.078884214162826538e-02
9.482423067092895508e-01
1.743300259113311768e-01
8.895578980445861816e-02
5.667407810688018799e-02
9.252115488052368164e-01
2.428766340017318726e-02
1.545080542564392090e+00
