6.728314399719238281e+00
6.008796393871307373e-03
1.095583677291870117e+00
1.438385248184204102e+00
1.165420532226562500e+00
4.422925412654876709e-01
6.732214093208312988e-01
1.900898963212966919e-01
6.456166505813598633e-01
8.197575211524963379e-01
9.167240560054779053e-02
8.975664377212524414e-01
5.667334794998168945e-01
4.871149957180023193e-01
6.473507881164550781e-01
4.754936322569847107e-02
1.899895071983337402e+00
3.257523536682128906e+00
1.057618260383605957e+00
1.494910120964050293e+00
3.514711260795593262e-01
1.299139484763145447e-02
1.218666806817054749e-01
4.857787489891052246e-01
1.118947148323059082e+00
1.062575340270996094e+00
5.502060651779174805e-01
2.761274576187133789e-01
1.347454309463500977e+00
2.123527228832244873e-03
2.453676164150238037e-01
5.577496886253356934e-01
4.019963145256042480e-01
4.723098278045654297e-01
5.424470305442810059e-01
2.802445888519287109e-01
2.830452322959899902e-01
5.439723134040832520e-01
5.689511299133300781e-01
3.158361315727233887e-01
