6.985301971435546875e+00
1.326654672622680664e+00
4.970374703407287598e-02
1.300670027732849121e+00
1.493028640747070312e+00
6.738280653953552246e-01
4.162223935127258301e-01
5.664364248514175415e-02
1.069462656974792480e+00
2.343254387378692627e-01
1.256537139415740967e-01
4.987908899784088135e-01
1.853769123554229736e-01
1.551227927207946777e+00
1.292032837867736816e+00
3.011952936649322510e-01
1.368455052375793457e+00
2.733821630477905273e+00
5.626310706138610840e-01
2.201352268457412720e-01
1.066628992557525635e-01
7.647770643234252930e-02
1.376226305961608887e+00
1.779602050781250000e+00
8.156263828277587891e-01
6.315171718597412109e-01
4.000483080744743347e-02
1.642785668373107910e-01
8.940262198448181152e-01
4.582248628139495850e-03
6.918286085128784180e-01
1.203303098678588867e+00
6.984415650367736816e-01
4.867652058601379395e-01
4.314263761043548584e-01
3.702523112297058105e-01
8.741274476051330566e-01
7.578366994857788086e-01
3.549633026123046875e-01
6.713277101516723633e-01
