7.616035461425781250e+00
1.503184437751770020e-01
5.086545944213867188e-01
4.283546209335327148e-01
8.936820030212402344e-01
4.886797964572906494e-01
3.762434720993041992e-01
7.399023324251174927e-02
9.040430784225463867e-01
6.141555309295654297e-01
3.159456253051757812e-01
3.436169028282165527e-01
1.220304489135742188e+00
6.073002219200134277e-01
8.713995814323425293e-01
1.022332310676574707e-01
1.015303254127502441e+00
2.533318281173706055e+00
2.122295379638671875e+00
1.783635616302490234e+00
1.465778946876525879e-01
1.488937616348266602e+00
1.840193867683410645e-01
1.493432283401489258e+00
4.447959959506988525e-01
1.144185423851013184e+00
1.898249238729476929e-01
9.431366920471191406e-01
1.298972010612487793e+00
8.887791633605957031e-02
3.301856219768524170e-01
5.510605573654174805e-01
6.837037205696105957e-01
1.095623850822448730e+00
2.539543211460113525e-01
2.284425497055053711e-02
7.871321588754653931e-02
6.263659000396728516e-01
2.638092935085296631e-01
4.524019956588745117e-01
