8.322914123535156250e+00
8.735054731369018555e-01
1.159998059272766113e+00
1.509358882904052734e+00
1.183819770812988281e+00
6.624276936054229736e-02
6.842316985130310059e-01
4.903498291969299316e-02
3.651915192604064941e-01
4.281263649463653564e-01
7.425231933593750000e-01
2.996562719345092773e-01
7.982447743415832520e-01
8.883409500122070312e-01
3.820112943649291992e-01
2.217857837677001953e-01
1.318873047828674316e+00
2.060487031936645508e+00
1.281744360923767090e+00
1.428740143775939941e+00
2.654489129781723022e-02
5.713711380958557129e-01
1.047364950180053711e+00
1.042633891105651855e+00
2.214253246784210205e-01
2.145974636077880859e-01
1.652298569679260254e-01
6.177093982696533203e-01
1.350775003433227539e+00
1.058531627058982849e-01
2.475136667490005493e-01
1.559156179428100586e-01
9.213815331459045410e-01
1.905924379825592041e-01
2.154090702533721924e-01
5.517800450325012207e-01
2.856017351150512695e-01
6.086719036102294922e-01
4.483627676963806152e-01
8.265278339385986328e-01
