6.210823059082031250e+00
1.070109009742736816e-02
6.988134980201721191e-01
9.499080479145050049e-02
9.604949951171875000e-01
1.041674852371215820e+00
8.302881717681884766e-01
6.304058432579040527e-01
1.234280765056610107e-01
4.546865522861480713e-01
4.388610124588012695e-01
2.247084528207778931e-01
8.492791056632995605e-01
4.884829819202423096e-01
4.530489444732666016e-01
1.363989561796188354e-01
2.183137178421020508e+00
2.973591327667236328e+00
1.754247546195983887e+00
1.719305634498596191e+00
8.356510996818542480e-01
3.175576925277709961e-01
2.299338579177856445e-02
1.436018049716949463e-01
2.533197402954101562e-01
8.072756528854370117e-01
6.394569277763366699e-01
7.711710780858993530e-02
1.770923733711242676e+00
1.591657400131225586e-01
2.299432456493377686e-01
5.157961249351501465e-01
7.966884970664978027e-02
2.468568831682205200e-01
4.329232573509216309e-01
3.776369094848632812e-01
3.561529517173767090e-01
8.382797241210937500e-02
5.748372673988342285e-01
6.825624704360961914e-01
