7.684902667999267578e+00
4.552674591541290283e-01
7.936412096023559570e-01
5.957767367362976074e-01
1.203214645385742188e+00
7.740712165832519531e-01
8.425906300544738770e-01
1.079399362206459045e-01
5.478656291961669922e-01
7.346845269203186035e-01
1.592995673418045044e-01
1.101991832256317139e-01
3.954753577709197998e-01
5.559789538383483887e-01
1.794907003641128540e-01
1.126994490623474121e-01
1.503615260124206543e+00
2.393302917480468750e+00
1.243397712707519531e+00
1.514884829521179199e+00
6.126299500465393066e-01
2.349249273538589478e-01
1.191488951444625854e-01
2.493237853050231934e-01
1.295470356941223145e+00
5.499228239059448242e-01
1.740871667861938477e-01
2.343822717666625977e-01
7.164687514305114746e-01
9.119737893342971802e-02
9.622937440872192383e-02
2.625776529312133789e-01
3.340243995189666748e-01
6.715992093086242676e-01
2.264823913574218750e-01
4.051060974597930908e-02
3.615474104881286621e-01
1.149735078215599060e-01
6.643738746643066406e-01
5.567688345909118652e-01
