6.938774108886718750e+00
1.340051412582397461e+00
1.461616754531860352e-01
1.069606781005859375e+00
1.430225849151611328e+00
5.251755714416503906e-01
4.147830605506896973e-01
1.009688824415206909e-01
1.168852210044860840e+00
2.182346731424331665e-01
5.941871553659439087e-02
3.816984295845031738e-01
1.976433694362640381e-01
1.502655744552612305e+00
1.171455621719360352e+00
2.929227352142333984e-01
1.314666986465454102e+00
2.693758249282836914e+00
4.867202341556549072e-01
3.021749556064605713e-01
9.427180886268615723e-02
2.386527881026268005e-02
1.211764335632324219e+00
1.726134419441223145e+00
7.294996976852416992e-01
6.977530121803283691e-01
6.516791880130767822e-02
1.164187490940093994e-02
9.339492917060852051e-01
3.026472777128219604e-02
8.098949193954467773e-01
1.109159350395202637e+00
6.691028475761413574e-01
4.108668565750122070e-01
2.783915698528289795e-01
3.563839197158813477e-01
7.471832036972045898e-01
6.083554029464721680e-01
4.578079879283905029e-01
8.090690374374389648e-01
