6.423248767852783203e+00
5.421466827392578125e-01
2.060836315155029297e+00
4.666174054145812988e-01
7.149409055709838867e-01
5.570716857910156250e-01
1.059431135654449463e-01
1.292480826377868652e+00
8.684501647949218750e-01
4.185375273227691650e-01
3.599030375480651855e-01
1.393694639205932617e+00
6.966725736856460571e-02
7.194508314132690430e-01
9.102184772491455078e-01
6.940029263496398926e-01
1.181537210941314697e-01
1.425600290298461914e+00
1.585564315319061279e-01
5.018162131309509277e-01
8.148365616798400879e-01
7.644127309322357178e-02
2.772102355957031250e-01
7.418436557054519653e-02
5.344207286834716797e-01
2.988795042037963867e-01
1.359412312507629395e+00
5.471637099981307983e-02
1.238550186157226562e+00
2.990831732749938965e-01
6.072160005569458008e-01
2.464415580034255981e-01
1.675151705741882324e+00
4.727025032043457031e-01
3.003418445587158203e-01
8.826125860214233398e-01
9.170754551887512207e-01
1.147292703390121460e-01
1.672229468822479248e-01
8.681104183197021484e-01
