6.911127090454101562e+00
2.780692875385284424e-01
8.744317889213562012e-01
7.351947426795959473e-01
2.085271120071411133e+00
7.895464301109313965e-01
5.481969118118286133e-01
1.175493225455284119e-01
7.207383513450622559e-01
9.632118344306945801e-01
3.349980711936950684e-01
5.778449177742004395e-01
7.460806369781494141e-01
6.900566220283508301e-01
8.188799023628234863e-01
2.665811181068420410e-01
9.632818102836608887e-01
3.494591951370239258e+00
1.392906188964843750e+00
1.396578073501586914e+00
7.620124816894531250e-01
1.280993372201919556e-01
8.574178218841552734e-01
3.463972508907318115e-01
1.005337953567504883e+00
4.773128032684326172e-01
5.976355075836181641e-01
1.754812598228454590e-01
1.007940530776977539e+00
3.773486316204071045e-01
1.115126162767410278e-01
5.470865964889526367e-01
8.150641322135925293e-01
3.385602235794067383e-01
1.098381653428077698e-01
7.114677876234054565e-02
1.884124577045440674e-01
3.973348736763000488e-01
2.408239245414733887e-02
6.160713434219360352e-01
