7.550205707550048828e+00
1.459833234548568726e-02
8.648491650819778442e-02
5.306566506624221802e-02
1.779614448547363281e+00
3.841825425624847412e-01
3.292615413665771484e-01
6.421507894992828369e-02
2.970711588859558105e-01
6.977973580360412598e-01
3.375442624092102051e-01
1.331350654363632202e-01
1.154549717903137207e+00
8.070505261421203613e-01
1.293764114379882812e+00
4.834295809268951416e-01
1.730736017227172852e+00
2.540261030197143555e+00
1.953575730323791504e+00
1.513522386550903320e+00
3.654829859733581543e-01
3.591158092021942139e-01
6.485490500926971436e-02
5.996067523956298828e-01
1.157378315925598145e+00
1.074140310287475586e+00
1.388118118047714233e-01
4.680410921573638916e-01
7.300665378570556641e-01
2.725376188755035400e-01
7.387739419937133789e-02
8.570336103439331055e-01
7.242017388343811035e-01
1.003437161445617676e+00
7.483046650886535645e-01
4.900626093149185181e-02
1.613913536071777344e+00
8.666546344757080078e-01
1.416232585906982422e-01
4.740066528320312500e-01
