7.010773181915283203e+00
1.835067868232727051e-01
1.008291959762573242e+00
9.918016195297241211e-01
7.265405058860778809e-01
7.221136093139648438e-01
8.321129083633422852e-01
4.815044701099395752e-01
2.087648510932922363e-01
4.992347210645675659e-03
2.855545282363891602e-01
4.075003564357757568e-01
6.661816686391830444e-02
3.217414617538452148e-01
5.356775522232055664e-01
1.782382875680923462e-01
2.169091224670410156e+00
2.791687488555908203e+00
8.448101282119750977e-01
1.602990269660949707e+00
6.017240136861801147e-02
5.684113502502441406e-01
9.595520794391632080e-02
8.866710662841796875e-01
8.464074134826660156e-01
9.661489129066467285e-01
5.159317255020141602e-01
2.104888558387756348e-01
1.614416956901550293e+00
9.154350161552429199e-01
6.600457429885864258e-01
4.991975724697113037e-01
5.029118061065673828e-01
6.270139813423156738e-01
3.988451957702636719e-01
4.727078080177307129e-01
2.196915149688720703e-01
3.545911908149719238e-01
4.301675260066986084e-01
1.275168418884277344e+00
