7.084233760833740234e+00
4.560850262641906738e-01
1.137906193733215332e+00
5.009827017784118652e-01
1.344034910202026367e+00
8.111838698387145996e-01
4.348332285881042480e-01
9.147407412528991699e-01
6.074759364128112793e-01
4.871935844421386719e-01
2.688753008842468262e-01
2.615197002887725830e-01
8.873646259307861328e-01
5.948420166969299316e-01
1.201740741729736328e+00
5.122818350791931152e-01
1.907917261123657227e+00
2.968088626861572266e+00
1.624310970306396484e+00
1.703863620758056641e+00
1.020028740167617798e-01
2.608886063098907471e-01
6.522328406572341919e-02
5.941992998123168945e-01
4.954095780849456787e-01
4.886671304702758789e-01
3.164547085762023926e-01
2.668624371290206909e-02
1.914351344108581543e+00
1.136987805366516113e+00
4.171085357666015625e-01
7.846732735633850098e-01
8.230262994766235352e-01
1.945339590311050415e-01
1.045964062213897705e-01
6.703800559043884277e-01
1.348673105239868164e-01
2.513893246650695801e-01
1.101757138967514038e-01
1.103840351104736328e+00
