6.145141124725341797e+00
2.282059937715530396e-01
1.539615690708160400e-01
6.715323925018310547e-01
1.114774227142333984e+00
6.175760030746459961e-01
1.132604256272315979e-01
7.901521772146224976e-02
3.786882758140563965e-02
2.516600489616394043e-01
1.134133860468864441e-01
4.668225347995758057e-01
5.443705320358276367e-01
2.975886166095733643e-01
1.272573709487915039e+00
5.022747442126274109e-02
1.749463230371475220e-01
3.254213333129882812e+00
1.778996944427490234e+00
1.162516713142395020e+00
1.088568866252899170e-01
3.035410642623901367e-01
3.070936203002929688e-01
7.514918595552444458e-02
4.588831961154937744e-01
5.058706402778625488e-01
1.435438036918640137e+00
1.028274074196815491e-01
4.911970794200897217e-01
7.727447897195816040e-03
1.278793811798095703e+00
1.340618014335632324e+00
1.012077331542968750e+00
6.825017333030700684e-01
5.842400193214416504e-01
3.811261057853698730e-01
4.094188213348388672e-01
2.240802347660064697e-02
2.932755649089813232e-01
9.686856269836425781e-01
