6.654163837432861328e+00
1.903684735298156738e-01
3.950311243534088135e-02
2.670695185661315918e-01
4.904966354370117188e-01
4.825293123722076416e-01
4.440155029296875000e-01
8.366698026657104492e-02
5.672210454940795898e-01
3.933864086866378784e-02
7.692071795463562012e-02
4.098952114582061768e-01
1.447929143905639648e+00
3.360678553581237793e-01
9.561580419540405273e-01
2.785727083683013916e-01
1.461047410964965820e+00
2.217286348342895508e+00
2.811717748641967773e+00
1.661919236183166504e+00
3.882085680961608887e-01
1.395257353782653809e+00
2.056301385164260864e-01
6.491388678550720215e-01
4.192753732204437256e-01
5.825901031494140625e-01
6.077566146850585938e-01
1.246916577219963074e-01
7.298266291618347168e-01
2.187303006649017334e-01
1.668266057968139648e-01
9.694726467132568359e-01
5.926924943923950195e-01
5.200677514076232910e-01
7.411673665046691895e-02
1.714567840099334717e-02
7.921127676963806152e-01
4.014163017272949219e-01
6.886185407638549805e-01
1.190887689590454102e+00
