6.085346221923828125e+00
3.243586122989654541e-01
5.941445827484130859e-01
1.689681708812713623e-01
8.561605811119079590e-01
1.036786794662475586e+00
1.158912301063537598e+00
5.901457667350769043e-01
3.175878524780273438e-02
3.546644747257232666e-01
3.468043208122253418e-01
8.925759196281433105e-01
1.709231436252593994e-01
6.171885728836059570e-01
4.842872023582458496e-01
4.812662005424499512e-01
1.909478664398193359e+00
2.741977453231811523e+00
1.687662124633789062e+00
1.379176974296569824e+00
5.768639594316482544e-02
1.062075614929199219e+00
1.349548935890197754e+00
4.009824693202972412e-01
5.670700073242187500e-01
4.347803890705108643e-01
6.814302504062652588e-02
1.334120929241180420e-01
1.126011610031127930e+00
7.254437804222106934e-01
1.503321528434753418e-01
7.190142571926116943e-02
1.658670008182525635e-01
3.879437446594238281e-01
1.885866522789001465e-01
4.005207419395446777e-01
9.272436499595642090e-01
4.990316927433013916e-02
4.313524663448333740e-01
5.573601722717285156e-01
