7.405940055847167969e+00
3.314015567302703857e-01
6.540030837059020996e-01
1.639798521995544434e+00
9.065250158309936523e-01
1.213286757469177246e+00
9.769773483276367188e-01
5.543642640113830566e-01
4.900696873664855957e-01
2.460888624191284180e-01
6.340011954307556152e-02
2.279658466577529907e-01
9.630219638347625732e-02
5.049018859863281250e-01
4.231083393096923828e-01
8.992929458618164062e-01
2.529728651046752930e+00
2.715315103530883789e+00
1.155817031860351562e+00
1.616092920303344727e+00
1.094262480735778809e+00
1.426394283771514893e-01
1.225937753915786743e-01
1.267633318901062012e+00
1.660690665245056152e+00
1.051847457885742188e+00
3.069327771663665771e-01
4.575439393520355225e-01
5.886023640632629395e-01
7.658435702323913574e-01
1.589294970035552979e-01
6.179898977279663086e-01
3.453842103481292725e-01
7.102121710777282715e-01
1.968586146831512451e-01
1.624603122472763062e-01
2.974429130554199219e-01
3.368908762931823730e-01
9.189364314079284668e-01
7.500032186508178711e-01
