6.858360290527343750e+00
2.734423875808715820e-01
7.904008626937866211e-01
1.173381924629211426e+00
4.860621094703674316e-01
9.565083384513854980e-01
6.903474330902099609e-01
4.860184192657470703e-01
1.760634779930114746e-02
1.886622458696365356e-01
5.821947753429412842e-02
3.699493110179901123e-01
6.304346024990081787e-03
2.621988952159881592e-01
5.489372014999389648e-01
5.525660142302513123e-02
2.180454730987548828e+00
2.991975545883178711e+00
1.048342943191528320e+00
1.720381021499633789e+00
7.496013492345809937e-02
7.437652945518493652e-01
1.316062659025192261e-01
1.098563551902770996e+00
8.024369478225708008e-01
5.973296165466308594e-01
4.339596629142761230e-01
4.870078712701797485e-02
1.704285144805908203e+00
1.204663276672363281e+00
9.680529832839965820e-01
5.989502668380737305e-01
6.565786004066467285e-01
5.871958732604980469e-01
1.343047320842742920e-01
7.168484926223754883e-01
2.559410929679870605e-01
9.429312497377395630e-02
4.205985963344573975e-01
1.426169395446777344e+00
