7.011198997497558594e+00
1.567773342132568359e+00
2.552168071269989014e-02
1.762689113616943359e+00
1.279897570610046387e+00
1.126326560974121094e+00
5.113906860351562500e-01
3.754071891307830811e-02
1.406554818153381348e+00
3.614250719547271729e-01
5.402733385562896729e-02
1.044749915599822998e-01
7.457301616668701172e-01
7.634099721908569336e-01
4.490283727645874023e-01
6.464585661888122559e-02
1.448508262634277344e+00
2.679251670837402344e+00
1.232639431953430176e+00
9.084123373031616211e-01
1.435616374015808105e+00
7.016937732696533203e-01
3.241054713726043701e-02
1.198541879653930664e+00
1.669108033180236816e+00
9.305132031440734863e-01
1.236475855112075806e-01
2.660496532917022705e-01
7.061975449323654175e-02
4.255504310131072998e-01
1.340013027191162109e+00
2.886220812797546387e-01
1.994732618331909180e-01
1.430371403694152832e-02
6.456812620162963867e-01
1.031852215528488159e-01
9.359061717987060547e-02
5.924561023712158203e-01
7.414619326591491699e-01
4.570981860160827637e-01
