6.996060371398925781e+00
6.770445704460144043e-01
3.973965048789978027e-01
1.216450333595275879e+00
3.262514472007751465e-01
8.403490781784057617e-01
8.753185272216796875e-01
5.970356464385986328e-01
9.978333115577697754e-01
5.136390328407287598e-01
7.060936093330383301e-02
3.043863475322723389e-01
3.093302845954895020e-01
1.014725685119628906e+00
7.303733378648757935e-02
8.695866167545318604e-02
7.660833597183227539e-01
1.993722319602966309e+00
7.054919004440307617e-01
1.439430117607116699e+00
4.826600849628448486e-02
8.912426829338073730e-01
2.844825387001037598e-01
9.593176841735839844e-02
2.487387955188751221e-01
1.090024337172508240e-01
5.179773569107055664e-01
4.886358678340911865e-01
1.824615716934204102e+00
1.545080840587615967e-01
7.814056873321533203e-01
8.793412446975708008e-01
5.472535490989685059e-01
4.746202826499938965e-01
2.478813529014587402e-01
6.924724578857421875e-02
1.436761021614074707e-02
9.294795393943786621e-01
4.950535893440246582e-01
1.158233523368835449e+00
