6.299370765686035156e+00
1.043590426445007324e+00
3.807374238967895508e-01
3.204300105571746826e-01
1.085898041725158691e+00
3.338634222745895386e-02
6.443600654602050781e-01
6.251589208841323853e-02
8.914908170700073242e-01
6.929283142089843750e-01
4.131539463996887207e-01
3.673692047595977783e-01
2.357434630393981934e-01
6.968116760253906250e-01
4.722237586975097656e-01
5.826214328408241272e-02
1.626070618629455566e+00
3.008359432220458984e+00
1.460695624351501465e+00
1.006509542465209961e+00
4.916610717773437500e-01
2.383721321821212769e-01
2.390105575323104858e-01
1.547291874885559082e-01
1.093911886215209961e+00
5.680969953536987305e-01
3.385051190853118896e-01
2.550199925899505615e-01
5.680840015411376953e-01
5.379683971405029297e-01
2.160142362117767334e-01
2.609789371490478516e-01
7.055929303169250488e-01
8.504503965377807617e-02
2.626810669898986816e-01
4.219582676887512207e-01
5.997888445854187012e-01
1.739996075630187988e-01
9.005047380924224854e-03
6.901359558105468750e-01
