6.363699913024902344e+00
9.407821297645568848e-01
5.357887744903564453e-01
3.911318182945251465e-01
1.149405717849731445e+00
1.800220906734466553e-01
6.559931635856628418e-01
6.337557733058929443e-02
7.449580430984497070e-01
9.275189638137817383e-01
1.356465965509414673e-01
2.430369108915328979e-01
1.485728323459625244e-01
5.630306005477905273e-01
4.813975691795349121e-01
3.662796914577484131e-01
1.708955883979797363e+00
2.477146148681640625e+00
1.272907495498657227e+00
1.297602653503417969e+00
8.131265044212341309e-01
3.790602833032608032e-02
5.495189428329467773e-01
3.990270495414733887e-01
1.340120673179626465e+00
5.034989118576049805e-01
6.098273023962974548e-02
3.709183037281036377e-01
2.251673191785812378e-01
2.923368513584136963e-01
1.887248456478118896e-01
2.978783249855041504e-01
6.484757065773010254e-01
1.251773238182067871e-01
3.418228030204772949e-01
1.561135202646255493e-01
7.991335988044738770e-01
1.721694916486740112e-01
7.945083826780319214e-02
4.766616523265838623e-01
