6.266632556915283203e+00
1.444748342037200928e-01
7.338205575942993164e-01
1.143867135047912598e+00
5.927870869636535645e-01
6.194500327110290527e-01
5.871919393539428711e-01
4.784175753593444824e-01
5.287753343582153320e-01
2.342502623796463013e-01
4.400154352188110352e-01
7.860423922538757324e-01
2.255118787288665771e-01
1.410803794860839844e-01
8.105902671813964844e-01
1.962560415267944336e-01
1.673668146133422852e+00
3.484188556671142578e+00
9.218320846557617188e-01
1.184829235076904297e+00
1.430117785930633545e-01
7.501973509788513184e-01
7.535465061664581299e-02
6.310409307479858398e-01
8.247045278549194336e-01
1.357877135276794434e+00
2.704308032989501953e-01
3.295606672763824463e-01
1.325931549072265625e+00
7.232475280761718750e-02
2.318257987499237061e-01
7.278653979301452637e-01
5.362213402986526489e-02
5.727785825729370117e-01
1.429882943630218506e-01
1.635297685861587524e-01
4.366698861122131348e-01
3.327472507953643799e-02
1.623587608337402344e-01
8.423805236816406250e-01
