6.913548946380615234e+00
1.016490936279296875e+00
3.963267803192138672e-01
1.887194395065307617e+00
8.774867057800292969e-01
9.787567257881164551e-01
8.077555894851684570e-01
4.208435714244842529e-01
4.283896386623382568e-01
5.470780134201049805e-01
5.500994324684143066e-01
5.501425638794898987e-02
5.187693238258361816e-01
9.019371867179870605e-01
7.124252319335937500e-01
1.163101568818092346e-01
1.555909514427185059e+00
2.576725959777832031e+00
2.841473743319511414e-02
5.451068282127380371e-01
2.224433720111846924e-01
5.465619266033172607e-03
2.006084024906158447e-01
1.717896103858947754e+00
9.367613792419433594e-01
1.426943987607955933e-01
5.065088868141174316e-01
5.537515878677368164e-01
7.848484516143798828e-01
9.486201405525207520e-01
2.428178191184997559e-01
5.258283615112304688e-01
7.170398831367492676e-01
5.097334384918212891e-01
2.618827521800994873e-01
1.930935680866241455e-01
2.583409547805786133e-01
1.242358982563018799e-02
3.218975067138671875e-01
1.047808647155761719e+00
