7.542808532714843750e+00
3.302136957645416260e-01
1.224170699715614319e-01
8.460562229156494141e-01
4.710386395454406738e-01
5.927117466926574707e-01
1.491331458091735840e-01
1.919691115617752075e-01
6.366177797317504883e-01
3.601959347724914551e-01
4.423984885215759277e-01
4.047533571720123291e-01
1.088961839675903320e+00
3.894682824611663818e-01
1.024955868721008301e+00
2.396753430366516113e-01
1.674120783805847168e+00
2.288556575775146484e+00
1.860359549522399902e+00
1.983125567436218262e+00
1.356551647186279297e-01
1.020823836326599121e+00
4.240463376045227051e-01
6.112189292907714844e-01
1.080181956291198730e+00
1.186076879501342773e+00
1.417109519243240356e-01
7.675982117652893066e-01
1.018959164619445801e+00
7.294867038726806641e-01
1.398989558219909668e+00
7.779498696327209473e-01
1.213702440261840820e+00
6.560956835746765137e-01
3.322763442993164062e-01
7.515707015991210938e-01
1.678635179996490479e-01
1.378813982009887695e+00
6.846958994865417480e-01
9.918054342269897461e-01
