6.542023658752441406e+00
1.087063789367675781e+00
1.445548236370086670e-01
7.055811285972595215e-01
3.316968083381652832e-01
4.807589948177337646e-01
5.767440199851989746e-01
6.854339838027954102e-01
9.113584756851196289e-01
4.575854539871215820e-01
1.836415082216262817e-01
1.069905459880828857e-01
3.440390527248382568e-01
7.251836657524108887e-01
3.770779371261596680e-01
3.209654707461595535e-03
2.314861059188842773e+00
2.187867403030395508e+00
1.313861727714538574e+00
1.033682942390441895e+00
8.980673551559448242e-01
3.232437968254089355e-01
4.396958351135253906e-01
1.512088179588317871e-01
1.198305368423461914e+00
1.182832002639770508e+00
2.827788293361663818e-01
8.263628929853439331e-02
8.072705268859863281e-01
3.980546593666076660e-01
1.135846376419067383e-01
2.405746877193450928e-01
3.114111423492431641e-01
2.961477041244506836e-01
4.578935354948043823e-02
3.878909945487976074e-01
3.064321875572204590e-01
3.865504860877990723e-01
7.155342102050781250e-01
8.266584873199462891e-01
