7.418438434600830078e+00
1.948313415050506592e-01
7.420254945755004883e-01
3.926728367805480957e-01
1.996218323707580566e+00
1.020034193992614746e+00
1.239299654960632324e+00
2.990563772618770599e-02
4.338818788528442383e-02
6.917839050292968750e-01
6.352204680442810059e-01
3.476833105087280273e-01
3.793311417102813721e-01
1.755382418632507324e-01
1.524982899427413940e-01
5.295604467391967773e-01
2.068588972091674805e+00
2.812263727188110352e+00
1.341373562812805176e+00
1.696595191955566406e+00
3.381997346878051758e-01
4.069148004055023193e-01
7.871475815773010254e-01
3.951124846935272217e-03
7.126917839050292969e-01
4.771631956100463867e-01
3.288163617253303528e-02
8.565066456794738770e-01
9.555465579032897949e-01
2.999227494001388550e-02
7.575976848602294922e-01
7.352639436721801758e-01
2.564080953598022461e-01
1.357281208038330078e-01
7.535066008567810059e-01
3.684573769569396973e-01
1.900558918714523315e-01
1.066769659519195557e-02
2.503541857004165649e-02
4.248522818088531494e-01
