6.228724002838134766e+00
1.094759255647659302e-01
2.028643190860748291e-01
9.875286221504211426e-01
4.851022362709045410e-01
1.216626167297363281e+00
4.155538082122802734e-01
4.535315334796905518e-01
4.865261316299438477e-01
1.753467321395874023e-01
3.721400499343872070e-01
2.692853212356567383e-01
7.994816899299621582e-01
1.654484868049621582e-01
5.287260413169860840e-01
3.575789332389831543e-01
1.652034878730773926e+00
2.943169355392456055e+00
1.527119874954223633e+00
1.703335762023925781e+00
6.259236335754394531e-01
7.060037255287170410e-01
6.048230826854705811e-02
8.190832734107971191e-01
5.459063053131103516e-01
6.759156584739685059e-01
5.243968591094017029e-02
2.854609191417694092e-01
1.457089424133300781e+00
1.870421171188354492e-01
1.856871843338012695e-01
3.429692387580871582e-01
1.869116127490997314e-01
5.476468801498413086e-01
3.608672320842742920e-02
2.336568087339401245e-01
8.231120109558105469e-01
1.281604319810867310e-01
1.401202380657196045e-01
8.385690450668334961e-01
