6.845011234283447266e+00
5.088781565427780151e-02
7.510524392127990723e-01
8.579630255699157715e-01
3.844684958457946777e-01
1.019042491912841797e+00
9.031912088394165039e-01
1.791867613792419434e-01
4.095777273178100586e-01
4.624342545866966248e-02
8.276209235191345215e-02
3.276304602622985840e-01
4.782941639423370361e-01
1.195236220955848694e-01
2.471696585416793823e-01
5.997998714447021484e-01
1.936263203620910645e+00
2.660712242126464844e+00
1.511674046516418457e+00
1.728956937789916992e+00
7.227118015289306641e-01
1.217323184013366699e+00
9.392176866531372070e-01
1.350167691707611084e-01
9.009522199630737305e-01
6.863251924514770508e-01
6.765478849411010742e-02
1.804406940937042236e-01
9.626996517181396484e-01
8.964754641056060791e-03
2.606560289859771729e-01
6.273858547210693359e-01
7.703199982643127441e-03
7.313139736652374268e-02
3.336669802665710449e-01
1.462966203689575195e-03
2.243872433900833130e-01
6.806324124336242676e-01
2.682430148124694824e-01
4.528118371963500977e-01
