7.478407859802246094e+00
5.254083275794982910e-01
1.716543138027191162e-01
8.101952075958251953e-01
1.059337496757507324e+00
5.407359600067138672e-01
5.758920311927795410e-01
4.465979710221290588e-02
6.976124048233032227e-01
3.518937230110168457e-01
3.399732708930969238e-01
2.666710317134857178e-01
7.647297978401184082e-01
3.371581733226776123e-01
4.295747280120849609e-01
7.596377283334732056e-02
1.265106916427612305e+00
2.635972261428833008e+00
1.000192284584045410e+00
1.249880433082580566e+00
4.494232535362243652e-01
4.735012948513031006e-01
1.307441443204879761e-01
3.897613883018493652e-01
9.282459020614624023e-01
7.694232463836669922e-01
4.356852546334266663e-02
8.973941951990127563e-02
1.025525569915771484e+00
5.225369334220886230e-02
7.151491940021514893e-02
3.971098363399505615e-01
1.572417914867401123e-01
6.470603346824645996e-01
4.084715247154235840e-01
7.487778365612030029e-02
3.164123892784118652e-01
4.693637788295745850e-02
4.137577116489410400e-01
5.993742942810058594e-01
