6.676300525665283203e+00
1.495472073554992676e+00
1.032977551221847534e-01
8.963769078254699707e-01
1.167960643768310547e+00
6.373124122619628906e-01
5.330626964569091797e-01
1.892082989215850830e-01
1.024993419647216797e+00
3.818034529685974121e-01
3.335078060626983643e-02
1.689265519380569458e-01
1.383635699748992920e-01
1.569505572319030762e+00
9.390032291412353516e-01
4.563463628292083740e-01
1.093145966529846191e+00
2.710917711257934570e+00
4.812127649784088135e-01
1.940406262874603271e-01
2.281669080257415771e-01
1.233272105455398560e-01
1.707673430442810059e+00
1.446174860000610352e+00
9.980499744415283203e-01
4.428032934665679932e-01
2.399679571390151978e-01
2.149381339550018311e-01
9.559434652328491211e-01
4.052701964974403381e-02
5.385159850120544434e-01
9.958333969116210938e-01
6.378644704818725586e-01
9.014827013015747070e-02
2.831654548645019531e-01
3.015022277832031250e-01
8.326150774955749512e-01
3.236122727394104004e-01
8.568256348371505737e-02
7.280056476593017578e-01
