6.237060546875000000e+00
9.792021512985229492e-01
7.996932864189147949e-01
1.023084893822669983e-01
7.149269580841064453e-01
2.873060703277587891e-01
3.730780780315399170e-01
3.253577649593353271e-01
4.721848368644714355e-01
1.520794034004211426e-01
2.924135327339172363e-01
1.139536738395690918e+00
6.070548892021179199e-01
2.657046616077423096e-01
1.216818571090698242e+00
1.094512864947319031e-01
6.483711004257202148e-01
3.158669710159301758e+00
1.123540520668029785e+00
1.509662628173828125e+00
4.863391816616058350e-01
1.522681713104248047e+00
1.593949496746063232e-01
1.812090575695037842e-01
4.581744372844696045e-01
1.499097228050231934e+00
5.055029988288879395e-01
1.237302303314208984e+00
2.051971197128295898e+00
2.096623778343200684e-01
2.849929332733154297e-01
6.484484076499938965e-01
1.923595815896987915e-01
7.243068218231201172e-01
7.708387076854705811e-02
6.594598889350891113e-01
3.488655686378479004e-01
4.754518270492553711e-01
5.108512639999389648e-01
9.306215047836303711e-01
