6.558966159820556641e+00
1.117917746305465698e-01
1.006749629974365234e+00
4.194958209991455078e-01
1.561646580696105957e+00
1.018721342086791992e+00
5.380997061729431152e-01
2.025111466646194458e-01
8.122359514236450195e-01
6.992016434669494629e-01
2.994962334632873535e-01
9.987164735794067383e-01
1.283679306507110596e-01
1.103592395782470703e+00
1.431452870368957520e+00
9.042060375213623047e-02
1.818408370018005371e+00
2.923671960830688477e+00
1.372136920690536499e-01
8.350505828857421875e-01
4.073521494865417480e-02
5.206431746482849121e-01
7.737049460411071777e-01
4.691162705421447754e-02
9.117499589920043945e-01
2.531521320343017578e-01
1.866463571786880493e-01
7.020264267921447754e-01
1.167861700057983398e+00
3.822150453925132751e-02
3.435964882373809814e-01
9.842274188995361328e-01
6.670924425125122070e-01
5.453255176544189453e-01
3.637573122978210449e-01
1.488856077194213867e-01
4.641223549842834473e-01
6.509230732917785645e-01
4.634936451911926270e-01
6.753249168395996094e-01
