6.448157787322998047e+00
1.730855107307434082e-01
1.887722909450531006e-01
1.198462724685668945e+00
1.510851621627807617e+00
9.106595516204833984e-01
5.276253223419189453e-01
1.861708909273147583e-01
9.830163121223449707e-01
1.930715292692184448e-01
3.714107275009155273e-01
5.620004534721374512e-01
3.460566401481628418e-01
4.034376740455627441e-01
5.265614986419677734e-01
7.139359712600708008e-01
1.922776341438293457e+00
3.421869039535522461e+00
7.579166889190673828e-01
1.382184863090515137e+00
7.494680881500244141e-01
8.369482159614562988e-01
4.662848114967346191e-01
8.009727597236633301e-01
9.435048103332519531e-01
7.782879471778869629e-01
7.210166752338409424e-02
1.728914380073547363e-01
1.566450953483581543e+00
2.179193198680877686e-01
2.993365228176116943e-01
2.635372579097747803e-01
9.924312680959701538e-02
6.412663459777832031e-01
3.898849785327911377e-01
5.566632747650146484e-02
6.190990209579467773e-01
1.746250689029693604e-01
6.524032950401306152e-01
3.022017776966094971e-01
