6.885688304901123047e+00
1.150580942630767822e-01
2.845951318740844727e-01
6.668004989624023438e-01
1.183064222335815430e+00
6.347367763519287109e-01
4.740462303161621094e-01
2.263704687356948853e-01
9.001638889312744141e-01
7.895452380180358887e-01
1.646829992532730103e-01
2.465356141328811646e-01
1.645627021789550781e-01
8.869661688804626465e-01
3.851724863052368164e-01
1.717951446771621704e-01
1.478706121444702148e+00
2.731994628906250000e+00
1.167334556579589844e+00
1.475427627563476562e+00
2.303639650344848633e-01
1.399828866124153137e-02
6.665550470352172852e-01
2.596525251865386963e-01
1.405686974525451660e+00
5.865981578826904297e-01
3.601809218525886536e-02
9.613261371850967407e-02
8.983062505722045898e-01
2.364216446876525879e-01
6.145236492156982422e-01
4.514550566673278809e-01
8.213196992874145508e-01
4.638474583625793457e-01
5.550718307495117188e-01
1.844249069690704346e-01
9.285689890384674072e-02
1.893028616905212402e-01
6.997498869895935059e-01
6.300015449523925781e-01
