7.370198249816894531e+00
5.196579694747924805e-01
2.380760014057159424e-02
7.699294090270996094e-01
1.075777053833007812e+00
4.816666543483734131e-01
4.578247666358947754e-01
4.557305946946144104e-02
7.018091678619384766e-01
2.738214433193206787e-01
4.001021385192871094e-01
3.809581398963928223e-01
8.663467764854431152e-01
2.609666883945465088e-01
5.245717167854309082e-01
2.433714121580123901e-01
1.059959173202514648e+00
2.694577932357788086e+00
9.463300108909606934e-01
1.176223754882812500e+00
6.325348615646362305e-01
4.830344021320343018e-01
1.857241243124008179e-01
4.551296830177307129e-01
8.276244401931762695e-01
7.796548008918762207e-01
6.718394160270690918e-02
1.323705911636352539e-01
1.045439600944519043e+00
2.068921029567718506e-01
1.411458253860473633e-01
2.616193890571594238e-01
2.119381129741668701e-01
7.741824984550476074e-01
2.401160001754760742e-01
1.121689379215240479e-01
5.073953866958618164e-01
2.156351059675216675e-01
3.210670948028564453e-01
6.697998046875000000e-01
