7.019159793853759766e+00
7.115250229835510254e-01
5.459090471267700195e-01
1.779579281806945801e+00
8.503533005714416504e-01
1.117202997207641602e+00
3.815016746520996094e-01
7.145981192588806152e-01
1.965893805027008057e-01
7.904187589883804321e-02
1.928098946809768677e-01
3.214147388935089111e-01
5.076603293418884277e-01
5.649414062500000000e-01
1.600852131843566895e+00
1.045194044709205627e-01
1.802355051040649414e+00
2.285620212554931641e+00
1.045559525489807129e+00
1.451655864715576172e+00
5.566705465316772461e-01
8.415544629096984863e-01
5.807019770145416260e-02
3.842691481113433838e-01
7.901585102081298828e-01
3.694742023944854736e-01
3.567769527435302734e-01
2.844036370515823364e-02
9.454377293586730957e-01
4.321759641170501709e-01
7.814698219299316406e-01
1.031279921531677246e+00
9.613216519355773926e-01
2.843179106712341309e-01
2.769776284694671631e-01
1.565027087926864624e-01
6.301130354404449463e-02
1.048991799354553223e+00
1.031805053353309631e-01
6.604676246643066406e-01
