6.877047538757324219e+00
5.114926099777221680e-01
3.106027841567993164e-01
5.000799894332885742e-01
1.308185338973999023e+00
3.018356859683990479e-02
1.078800082206726074e+00
2.548882961273193359e-01
1.324703335762023926e+00
5.215505361557006836e-01
9.761404991149902344e-01
4.127787649631500244e-01
9.999986886978149414e-01
6.775090694427490234e-01
5.662660002708435059e-01
6.404796838760375977e-01
1.248687505722045898e+00
2.563856363296508789e+00
2.344922572374343872e-01
9.395489096641540527e-01
2.363396883010864258e-01
4.666775465011596680e-03
6.247748136520385742e-01
1.124727725982666016e+00
1.490102171897888184e+00
5.878705382347106934e-01
8.825094103813171387e-01
6.209245324134826660e-01
8.308531045913696289e-01
6.021606326103210449e-01
2.955118417739868164e-01
1.039801716804504395e+00
5.819706320762634277e-01
1.038046598434448242e+00
2.038387954235076904e-01
1.728458255529403687e-01
1.506625115871429443e-02
1.233066469430923462e-01
1.741703748703002930e-01
1.170353412628173828e+00
