5.944622039794921875e+00
3.043973147869110107e-01
4.181731641292572021e-01
5.444009900093078613e-01
1.108315587043762207e+00
8.605141043663024902e-01
9.330323934555053711e-01
9.337794035673141479e-02
8.954495191574096680e-02
1.492814272642135620e-01
5.701340436935424805e-01
1.482854962348937988e+00
4.677600860595703125e-01
1.640287637710571289e-01
3.666427731513977051e-01
7.806827425956726074e-01
2.092616319656372070e+00
2.799926996231079102e+00
8.483362793922424316e-01
1.229786753654479980e+00
6.435269117355346680e-01
6.626201272010803223e-01
6.949296593666076660e-01
3.297175168991088867e-01
3.901899158954620361e-01
5.798560380935668945e-01
2.680616676807403564e-01
7.558681368827819824e-01
1.276682734489440918e+00
2.421053946018218994e-01
6.897406578063964844e-01
6.919939517974853516e-01
7.095324397087097168e-01
3.233353495597839355e-01
3.669255673885345459e-01
5.106473565101623535e-01
3.534431457519531250e-01
2.933802306652069092e-01
3.582680523395538330e-01
8.309426307678222656e-01
