7.678762435913085938e+00
3.076903522014617920e-01
6.355772614479064941e-01
1.001675277948379517e-01
1.369741797447204590e+00
1.111103177070617676e+00
4.427449703216552734e-01
1.178417354822158813e-01
2.312108874320983887e-02
4.663750529289245605e-01
2.913448214530944824e-01
8.045552670955657959e-02
1.338179469108581543e+00
8.868110179901123047e-02
4.887799620628356934e-01
2.670739032328128815e-02
1.399566531181335449e+00
2.529171943664550781e+00
1.897275447845458984e+00
1.804072499275207520e+00
9.699978828430175781e-01
8.207225203514099121e-01
1.057540774345397949e+00
2.816742658615112305e-01
5.242456197738647461e-01
1.899667680263519287e-01
3.832334280014038086e-02
3.934058845043182373e-01
1.231636166572570801e+00
2.566713094711303711e-01
5.520384013652801514e-02
1.425484865903854370e-01
3.130807280540466309e-01
2.798015475273132324e-01
2.823978662490844727e-01
1.679065078496932983e-01
7.285566926002502441e-01
1.851289123296737671e-01
3.855899721384048462e-02
8.213257789611816406e-01
