7.278817653656005859e+00
1.046311855316162109e+00
5.268667340278625488e-01
7.355054616928100586e-01
1.518874526023864746e+00
6.110814809799194336e-01
3.390268385410308838e-01
3.816305398941040039e-01
1.158603191375732422e+00
4.973984658718109131e-01
2.337460368871688843e-01
6.734634637832641602e-01
6.663098931312561035e-01
4.191405475139617920e-01
1.036844134330749512e+00
6.081294734030961990e-03
7.801265120506286621e-01
2.663940429687500000e+00
8.256420493125915527e-01
1.177966952323913574e+00
1.421447038650512695e+00
4.026917219161987305e-01
6.401389241218566895e-01
5.729781389236450195e-01
9.430912733078002930e-01
9.612798094749450684e-01
6.336365938186645508e-01
1.051971197128295898e+00
6.548374295234680176e-01
1.683366596698760986e-01
5.920358896255493164e-01
2.039289847016334534e-02
4.773709177970886230e-01
1.228434890508651733e-01
1.116390347480773926e+00
3.828726708889007568e-02
1.213543891906738281e+00
6.713531166315078735e-02
1.108877286314964294e-01
1.033087849617004395e+00
