6.843191146850585938e+00
9.135983586311340332e-01
3.629327118396759033e-01
9.843409657478332520e-01
1.119594335556030273e+00
1.299373745918273926e+00
1.029007911682128906e+00
4.907822608947753906e-01
1.126739025115966797e+00
3.641092479228973389e-01
6.694090366363525391e-02
1.237488985061645508e-01
3.671203851699829102e-01
5.728811621665954590e-01
4.229938387870788574e-01
5.249140858650207520e-01
2.205237388610839844e+00
2.217330694198608398e+00
7.151875495910644531e-01
1.659076690673828125e+00
1.247557997703552246e+00
1.361509859561920166e-01
1.780553758144378662e-01
9.531361460685729980e-01
1.800103783607482910e+00
9.469473361968994141e-01
5.914921164512634277e-01
1.781268119812011719e-01
8.069904446601867676e-01
7.268539071083068848e-01
2.042064964771270752e-01
1.913538724184036255e-01
4.062782227993011475e-01
5.800659656524658203e-01
1.843536198139190674e-01
3.242205977439880371e-01
4.803210496902465820e-01
4.609214663505554199e-01
1.597307085990905762e+00
6.677536964416503906e-01
