6.746216297149658203e+00
4.519723355770111084e-01
5.584518313407897949e-01
3.412794470787048340e-01
8.160933256149291992e-01
1.501230955123901367e+00
7.751815319061279297e-01
7.500634789466857910e-01
6.279851198196411133e-01
4.713371992111206055e-01
6.177698075771331787e-02
4.217634201049804688e-01
3.775344491004943848e-01
1.176312088966369629e+00
1.346206426620483398e+00
3.683388978242874146e-02
1.928020954132080078e+00
1.848258018493652344e+00
1.065491676330566406e+00
9.687584638595581055e-01
2.912395447492599487e-02
6.318674087524414062e-01
5.451838374137878418e-01
1.801128983497619629e-01
1.020715475082397461e+00
5.642256140708923340e-01
4.221551418304443359e-01
6.980251669883728027e-01
1.064021825790405273e+00
9.842719882726669312e-03
1.197820425033569336e+00
5.497851967811584473e-01
2.454236447811126709e-01
5.734824538230895996e-01
1.120575517416000366e-02
3.016732335090637207e-01
1.057728528976440430e+00
7.890205979347229004e-01
8.883084356784820557e-02
1.009301424026489258e+00
