5.735655307769775391e+00
1.606514453887939453e-01
1.925355046987533569e-01
3.186989724636077881e-01
6.766152381896972656e-01
1.653014302253723145e+00
6.331948637962341309e-01
4.618589580059051514e-02
3.995369672775268555e-01
5.216596722602844238e-01
2.542008161544799805e-01
4.818783104419708252e-01
1.020489707589149475e-01
9.564725756645202637e-01
1.068862795829772949e+00
6.999530643224716187e-02
1.319664120674133301e+00
2.686690092086791992e+00
1.213231325149536133e+00
1.248592138290405273e+00
1.932096779346466064e-01
1.786287873983383179e-01
1.158964872360229492e+00
5.323816537857055664e-01
4.732449054718017578e-01
5.329239964485168457e-01
3.773866891860961914e-01
1.395054161548614502e-01
1.279224872589111328e+00
2.539970278739929199e-01
9.298750162124633789e-01
5.641058683395385742e-01
6.647256612777709961e-01
1.678965538740158081e-01
4.570339918136596680e-01
4.925804734230041504e-01
6.876653432846069336e-02
2.798328101634979248e-01
1.170926243066787720e-01
3.352492451667785645e-01
