6.952288627624511719e+00
2.194354832172393799e-01
6.076091527938842773e-01
1.105601787567138672e+00
7.882794737815856934e-01
8.143775463104248047e-01
2.267441153526306152e-01
5.283582806587219238e-01
8.992568254470825195e-01
6.256077289581298828e-01
3.065384030342102051e-01
4.397005736827850342e-01
9.281454980373382568e-02
8.112033605575561523e-01
1.485583543777465820e+00
3.246641159057617188e-01
2.660288572311401367e+00
2.158998250961303711e+00
8.382065296173095703e-01
1.239438056945800781e+00
5.292829275131225586e-01
9.251596406102180481e-03
3.215529024600982666e-02
1.544353738427162170e-02
1.130898237228393555e+00
1.183151960372924805e+00
6.361308097839355469e-01
5.660768598318099976e-02
1.115413665771484375e+00
1.158603549003601074e+00
2.299035489559173584e-01
1.733052581548690796e-01
6.378307938575744629e-01
4.682378470897674561e-02
1.360455006361007690e-01
1.320993602275848389e-01
2.766193151473999023e-01
3.190022110939025879e-01
4.181043207645416260e-01
1.179448008537292480e+00
