6.892120361328125000e+00
4.907417297363281250e-02
6.929007172584533691e-01
7.508798241615295410e-01
1.807454347610473633e+00
6.447004675865173340e-01
8.395346403121948242e-01
1.682389825582504272e-01
5.295471549034118652e-01
3.862918317317962646e-01
5.164513587951660156e-01
1.242186069488525391e+00
7.287638187408447266e-01
5.931462645530700684e-01
5.307502150535583496e-01
8.082357645034790039e-01
1.875329017639160156e+00
3.300610780715942383e+00
1.106974482536315918e+00
1.879521131515502930e+00
8.640438318252563477e-01
6.411090493202209473e-01
4.395180344581604004e-01
1.725937426090240479e-01
1.730506867170333862e-01
1.144295573234558105e+00
1.351427137851715088e-01
1.985205113887786865e-01
1.940383672714233398e+00
1.960974633693695068e-01
1.935936212539672852e-01
9.769212007522583008e-01
4.028638899326324463e-01
9.720629453659057617e-01
2.345546483993530273e-01
8.512617647647857666e-02
2.667316198348999023e-01
3.451569676399230957e-01
9.981858134269714355e-01
4.180117547512054443e-01
