7.106469154357910156e+00
1.033703684806823730e-01
1.137582540512084961e+00
9.724242687225341797e-01
1.395988941192626953e+00
9.406538605690002441e-01
3.883607983589172363e-01
5.220485329627990723e-01
1.205442547798156738e-01
4.745197594165802002e-01
1.345100551843643188e-01
4.871785342693328857e-01
1.034117817878723145e+00
5.378255844116210938e-01
8.251017928123474121e-01
1.909108161926269531e-01
1.709932088851928711e+00
3.082833528518676758e+00
1.781299829483032227e+00
1.832715868949890137e+00
9.842854738235473633e-01
2.808359861373901367e-01
7.380074262619018555e-01
5.432958006858825684e-01
1.001454949378967285e+00
1.006693124771118164e+00
4.564298689365386963e-01
5.253330618143081665e-02
1.140745878219604492e+00
2.948190271854400635e-01
3.639431893825531006e-01
5.973399877548217773e-01
9.149978756904602051e-01
2.744003534317016602e-01
3.707632422447204590e-01
6.979867219924926758e-01
5.068354606628417969e-01
4.957623779773712158e-02
3.352895081043243408e-01
7.534667253494262695e-01
