7.276885509490966797e+00
2.515807449817657471e-01
6.160061359405517578e-01
3.050319552421569824e-01
1.468302011489868164e+00
9.088830351829528809e-01
8.909049630165100098e-01
4.208295941352844238e-01
1.761905550956726074e-01
8.800663352012634277e-01
4.299775362014770508e-01
3.577491641044616699e-02
1.095855951309204102e+00
1.085547506809234619e-01
1.567164361476898193e-01
2.692970931529998779e-01
1.953863143920898438e+00
2.221450328826904297e+00
1.677188515663146973e+00
1.639120697975158691e+00
6.865348219871520996e-01
5.192242264747619629e-01
8.850314617156982422e-01
3.199434578418731689e-01
5.498739480972290039e-01
5.760734081268310547e-01
2.153370380401611328e-01
3.707680404186248779e-01
9.292417168617248535e-01
1.946877241134643555e-01
4.357310831546783447e-01
2.554107904434204102e-01
2.855055034160614014e-01
8.757799863815307617e-02
6.397975087165832520e-01
4.068165421485900879e-01
1.793897598981857300e-01
4.813581705093383789e-02
3.542823344469070435e-02
5.617624521255493164e-01
