6.420431613922119141e+00
1.081163763999938965e+00
1.287828922271728516e+00
1.665962934494018555e-01
1.789127469062805176e+00
5.563422441482543945e-01
5.150194168090820312e-01
2.569347061216831207e-02
4.558924138545989990e-01
4.820526242256164551e-01
7.797591686248779297e-01
4.882777631282806396e-01
6.661573797464370728e-02
1.031845331192016602e+00
2.655685544013977051e-01
3.537574410438537598e-01
1.557171225547790527e+00
1.824440956115722656e+00
1.551277190446853638e-01
7.811813950538635254e-01
9.567620754241943359e-01
1.028370410203933716e-01
5.024201273918151855e-01
1.117110133171081543e+00
6.249988079071044922e-01
1.272512555122375488e+00
5.480573177337646484e-01
2.970629036426544189e-01
1.646722912788391113e+00
8.005501031875610352e-01
1.743982434272766113e-01
3.794766366481781006e-01
3.179906606674194336e-01
3.884954750537872314e-02
1.445396393537521362e-01
3.558746576309204102e-01
2.058311253786087036e-01
6.554658412933349609e-01
1.903095096349716187e-02
1.448761701583862305e+00
