6.591261386871337891e+00
7.787744998931884766e-01
3.269972503185272217e-01
7.682559490203857422e-01
6.487748026847839355e-01
7.353925108909606934e-01
7.707080841064453125e-01
5.823314189910888672e-01
5.503751039505004883e-01
4.858021140098571777e-01
2.521678805351257324e-01
2.510367631912231445e-01
7.448203861713409424e-03
7.679890394210815430e-01
1.418312788009643555e-01
2.460044473409652710e-01
2.526474237442016602e+00
2.664657354354858398e+00
1.546719789505004883e+00
1.371636867523193359e+00
9.178177118301391602e-01
7.055924832820892334e-02
3.832947015762329102e-01
8.357259631156921387e-02
1.362453699111938477e+00
5.591408014297485352e-01
2.506946325302124023e-01
2.186087667942047119e-01
3.996496796607971191e-01
5.329161882400512695e-02
3.768815398216247559e-01
1.646752282977104187e-02
6.114472746849060059e-01
9.464696049690246582e-01
4.661824405193328857e-01
2.545858621597290039e-01
2.721765041351318359e-01
2.109730243682861328e-01
6.337640881538391113e-01
8.222849369049072266e-01
