7.619571685791015625e+00
8.978515863418579102e-01
9.418076276779174805e-02
8.806728720664978027e-01
1.057399511337280273e+00
7.116349339485168457e-01
6.816586256027221680e-01
3.139201998710632324e-01
7.259663939476013184e-01
4.764512479305267334e-01
2.544107437133789062e-01
5.006631612777709961e-01
2.111194431781768799e-01
1.005569577217102051e+00
5.540502071380615234e-01
4.020485281944274902e-01
8.539032936096191406e-01
1.628150224685668945e+00
5.810614228248596191e-01
1.270514726638793945e+00
2.507392466068267822e-01
7.313668727874755859e-01
6.686432659626007080e-02
4.882863163948059082e-01
1.965661197900772095e-01
8.184666931629180908e-02
2.366519421339035034e-01
8.522408604621887207e-01
1.618465542793273926e+00
3.909091651439666748e-01
3.206610679626464844e-01
6.636025905609130859e-01
3.576060831546783447e-01
1.506063699722290039e+00
3.377279341220855713e-01
2.447347044944763184e-01
7.020602822303771973e-01
1.659691452980041504e+00
2.403502464294433594e-01
7.331726551055908203e-01
