7.643502235412597656e+00
1.596955358982086182e-01
3.373615741729736328e-01
7.207784056663513184e-02
1.064920186996459961e+00
1.112450003623962402e+00
7.224212288856506348e-01
5.440744161605834961e-01
2.086801528930664062e-01
5.995830297470092773e-01
1.843292266130447388e-01
1.274315714836120605e+00
3.776502013206481934e-01
1.199874877929687500e+00
7.720240354537963867e-01
5.850479602813720703e-01
1.405114412307739258e+00
1.541615843772888184e+00
1.668357849121093750e+00
1.688547730445861816e+00
1.269944161176681519e-01
9.618539214134216309e-01
8.520060777664184570e-01
1.160492971539497375e-01
1.034750699996948242e+00
2.471850514411926270e-01
6.312720775604248047e-01
3.411058336496353149e-02
1.205248951911926270e+00
3.036576211452484131e-01
4.956310093402862549e-01
5.272835493087768555e-01
3.825444579124450684e-01
5.301519632339477539e-01
4.639413058757781982e-01
6.574054360389709473e-01
1.356602311134338379e+00
1.176241189241409302e-01
8.386269956827163696e-02
6.118602752685546875e-01
