6.791035175323486328e+00
1.056636571884155273e+00
1.429359614849090576e-01
1.059602856636047363e+00
1.313639163970947266e+00
6.922160983085632324e-01
3.468371629714965820e-01
4.891238734126091003e-02
1.065370082855224609e+00
1.206119656562805176e-01
6.839578598737716675e-02
4.371285438537597656e-01
5.476418882608413696e-02
1.580542564392089844e+00
1.444307208061218262e+00
1.823704391717910767e-01
1.490952849388122559e+00
2.644020557403564453e+00
5.422475934028625488e-01
2.731295824050903320e-01
4.733550548553466797e-02
1.406759470701217651e-01
1.258148789405822754e+00
1.462363958358764648e+00
7.788563966751098633e-01
6.222940087318420410e-01
1.968362927436828613e-01
9.283524006605148315e-02
7.793895602226257324e-01
5.171205848455429077e-02
9.046450853347778320e-01
1.098450303077697754e+00
7.505874037742614746e-01
4.715288877487182617e-01
2.339410483837127686e-01
2.098992317914962769e-01
7.049618363380432129e-01
5.104243159294128418e-01
5.789226889610290527e-01
8.237642049789428711e-01
