6.474766731262207031e+00
3.364600241184234619e-01
1.107817292213439941e-01
5.903652906417846680e-01
5.108717083930969238e-01
5.038573145866394043e-01
3.043924570083618164e-01
6.175256967544555664e-01
2.172654867172241211e+00
3.880375921726226807e-01
4.670942425727844238e-01
7.068027853965759277e-01
1.557283520698547363e+00
1.285035371780395508e+00
1.276552796363830566e+00
1.446672528982162476e-01
1.273497700691223145e+00
2.909349441528320312e+00
7.358623743057250977e-01
9.094189405441284180e-01
2.240586429834365845e-01
3.500722050666809082e-01
4.343953728675842285e-01
2.194386422634124756e-01
1.174890398979187012e+00
1.377591192722320557e-01
6.665560603141784668e-02
3.490630388259887695e-01
1.783756613731384277e+00
2.211018800735473633e-01
4.398927986621856689e-01
3.113894760608673096e-01
7.245911359786987305e-01
5.489194393157958984e-01
3.876985609531402588e-01
6.713674664497375488e-01
1.116067051887512207e+00
2.319907695055007935e-01
2.540647983551025391e-01
7.244766950607299805e-01
