7.536943435668945312e+00
1.524584531784057617e+00
5.909532904624938965e-01
1.932463407516479492e+00
1.156728029251098633e+00
1.155280113220214844e+00
9.578462243080139160e-01
4.012296795845031738e-01
1.233126282691955566e+00
5.330969095230102539e-01
1.964786350727081299e-01
3.400018811225891113e-01
3.088520765304565430e-01
5.633604526519775391e-01
5.940154194831848145e-01
7.981843501329421997e-02
1.377833008766174316e+00
2.920842170715332031e+00
4.767047986388206482e-02
7.681593894958496094e-01
5.910660028457641602e-01
7.772749662399291992e-01
3.141778111457824707e-01
2.392983675003051758e+00
1.263366341590881348e+00
1.093737721443176270e+00
9.128249883651733398e-01
5.341187119483947754e-03
1.409949660301208496e+00
7.684577107429504395e-01
5.227867364883422852e-01
6.092417240142822266e-01
1.369423568248748779e-01
1.514026522636413574e-02
6.176178455352783203e-01
1.798538565635681152e-01
6.672681868076324463e-02
8.641435205936431885e-02
6.628519892692565918e-01
1.108746170997619629e+00
