6.729957103729248047e+00
1.292344927787780762e-01
4.941721856594085693e-01
6.189572215080261230e-01
1.432034850120544434e+00
5.220053195953369141e-01
3.493159413337707520e-01
3.116406686604022980e-02
5.630009770393371582e-01
1.191961288452148438e+00
4.153717756271362305e-01
2.007720321416854858e-01
1.043953299522399902e+00
3.777415454387664795e-01
8.262331485748291016e-01
2.422305941581726074e-02
1.423025250434875488e+00
2.838086128234863281e+00
1.635723114013671875e+00
1.405756115913391113e+00
2.516315579414367676e-01
3.369493484497070312e-01
6.398142874240875244e-02
4.756489992141723633e-01
1.116151094436645508e+00
2.505092918872833252e-01
1.398922130465507507e-02
7.143258452415466309e-01
3.414649963378906250e-01
4.364691674709320068e-01
1.249139606952667236e-01
8.332543969154357910e-01
4.918066859245300293e-01
2.551067471504211426e-01
8.891309499740600586e-01
3.305675983428955078e-01
3.634436726570129395e-01
8.168768137693405151e-02
3.738870471715927124e-02
2.729449272155761719e-01
