6.403337955474853516e+00
2.696008682250976562e-01
2.183436453342437744e-01
1.163445353507995605e+00
1.513549089431762695e+00
7.397924661636352539e-01
4.077961742877960205e-01
9.583982229232788086e-01
8.749993443489074707e-01
4.789885506033897400e-02
4.844184219837188721e-02
6.699808239936828613e-01
1.207932829856872559e+00
1.972859203815460205e-01
5.587751865386962891e-01
3.724587261676788330e-01
1.496303677558898926e+00
2.462991237640380859e+00
1.201629757881164551e+00
1.545288324356079102e+00
6.360422074794769287e-02
1.201329231262207031e+00
1.171790957450866699e-01
7.237269878387451172e-01
5.080121755599975586e-01
8.897568583488464355e-01
1.999280303716659546e-01
5.769751220941543579e-02
1.180393338203430176e+00
5.955428481101989746e-01
1.947152018547058105e-01
1.584232896566390991e-01
3.286629021167755127e-01
1.592930108308792114e-01
5.446039140224456787e-03
6.811825633049011230e-01
7.906408905982971191e-01
8.399608731269836426e-02
1.970081031322479248e-01
5.063562393188476562e-01
